0.1 0 0
0.2 0 0
0.3 0 0
0.4 0 0
0.5 0 0
0.6 0 0
0.7 0 0
0.8 0 0
0.9 0 0
1 0 0
0.02 0.00194111 2.41849e-10
0.04 0.00954076 8.5362e-10
0.06 0.0241442 1.26554e-09
0.08 0.0451555 1.86774e-09
0.1 0.0729293 3.44225e-09
0.12 0.10876 4.97142e-09
0.14 0.153482 6.31542e-09
0.16 0.2065 8.39957e-09
0.18 0.266324 1.06115e-08
0.2 0.33161 1.26782e-08
0.22 0.402634 1.53282e-08
0.24 0.481745 1.81837e-08
0.26 0.57156 2.0828e-08
0.28 0.67276 2.37078e-08
0.3 0.783984 2.66895e-08
0.32 0.903182 2.97533e-08
0.34 1.02812 3.32846e-08
0.36 1.15641 3.70312e-08
0.38 1.28649 4.06451e-08
0.4 1.41966 4.42283e-08
0.42 1.55967 4.78263e-08
0.44 1.70981 5.12733e-08
0.46 1.86881 5.47533e-08
0.48 2.03024 5.85407e-08
0.5 2.18626 6.23946e-08
0.52 2.33469 6.60754e-08
0.54 2.4819 6.96277e-08
0.56 2.63445 7.30389e-08
0.58 2.79531 7.63325e-08
0.6 2.96775 7.96295e-08
0.62 3.15583 8.29358e-08
0.64 3.36228 8.63352e-08
0.66 3.58484 8.99238e-08
0.68 3.81852 9.36414e-08
0.7 4.06097 9.75692e-08
0.72 4.3113 1.01724e-07
0.74 4.56705 1.06301e-07
0.76 4.82298 1.11523e-07
0.78 5.07181 1.1711e-07
0.8 5.30596 1.22888e-07
0.82 5.52009 1.28687e-07
0.84 5.71094 1.34106e-07
0.86 5.87339 1.39064e-07
0.88 6.00138 1.43472e-07
0.9 6.09346 1.46791e-07
0.92 6.15344 1.48737e-07
0.94 6.187 1.49467e-07
0.96 6.19953 1.49238e-07
0.98 6.19244 1.47821e-07
1 6.16172 1.45177e-07
1.02 6.10121 1.42435e-07
1.04 6.00392 1.3909e-07
1.06 5.86277 1.3432e-07
1.08 5.67473 1.29595e-07
1.1 5.44279 1.24877e-07
1.12 5.17471 1.19111e-07
1.14 4.87926 1.12821e-07
1.16 4.56657 1.05986e-07
1.18 4.25948 9.77412e-08
1.2 3.98961 8.86801e-08
1.22 3.77305 7.95464e-08
1.24 3.60497 6.99609e-08
1.26 3.47273 6.0614e-08
1.28 3.3617 5.27746e-08
1.3 3.25693 4.69303e-08
1.32 3.1448 4.34369e-08
1.34 3.0123 4.22659e-08
1.36 2.84599 4.27187e-08
1.38 2.63035 4.43327e-08
1.4 2.34823 4.65688e-08
1.42 1.98212 4.81011e-08
1.44 1.51987 4.75501e-08
1.46 0.965777 4.38428e-08
1.48 0.337443 3.57764e-08
1.5 -0.349696 2.19929e-08
1.52 -1.08964 3.05852e-10
1.54 -1.88031 -2.41417e-08
1.56 -2.7193 -5.16304e-08
1.58 -3.60798 -8.11924e-08
1.6 -4.5538 -1.1089e-07
1.62 -5.54936 -1.4331e-07
1.64 -6.53349 -1.77025e-07
1.66 -7.41499 -2.1262e-07
1.68 -8.14356 -2.48059e-07
1.7 -8.71352 -2.80591e-07
1.72 -9.13157 -3.06838e-07
1.74 -9.40897 -3.24162e-07
1.76 -9.55496 -3.30658e-07
1.78 -9.57282 -3.26483e-07
1.8 -9.4635 -3.12779e-07
1.82 -9.23045 -2.90829e-07
1.84 -8.88634 -2.63841e-07
1.86 -8.45116 -2.34279e-07
1.88 -7.94648 -2.03039e-07
1.9 -7.3957 -1.72199e-07
1.92 -6.82535 -1.43454e-07
1.94 -6.26369 -1.16924e-07
1.96 -5.73911 -9.33841e-08
1.98 -5.27975 -7.44952e-08
2 -4.91338 -6.10268e-08
2.02 -4.66728 -5.38808e-08
2.04 -4.56819 -5.36473e-08
2.06 -4.64175 -5.93624e-08
2.08 -4.9099 -6.97537e-08
2.1 -5.38885 -8.38696e-08
2.12 -6.08999 -1.00922e-07
2.14 -7.00923 -1.21344e-07
2.16 -8.11594 -1.46213e-07
2.18 -9.31465 -1.76226e-07
2.2 -10.4472 -2.11227e-07
2.22 -11.4227 -2.49922e-07
2.24 -12.245 -2.89199e-07
2.26 -12.9357 -3.26728e-07
2.28 -13.527 -3.60488e-07
2.3 -14.0574 -3.8845e-07
2.32 -14.5604 -4.10249e-07
2.34 -15.0646 -4.2472e-07
2.36 -15.5968 -4.29996e-07
2.38 -16.1823 -4.23793e-07
2.4 -16.8475 -4.03201e-07
2.42 -17.5954 -3.6581e-07
2.44 -18.3346 -3.13336e-07
2.46 -18.9481 -2.52623e-07
2.48 -19.4164 -1.94553e-07
2.5 -19.7678 -1.52437e-07
2.52 -20.0351 -1.36641e-07
2.54 -20.2629 -1.50352e-07
2.56 -20.4725 -1.89292e-07
2.58 -20.6228 -2.44554e-07
2.6 -20.6578 -3.05268e-07
2.62 -20.5672 -3.60848e-07
2.64 -20.3615 -4.03587e-07
2.66 -20.0539 -4.30757e-07
2.68 -19.6633 -4.42021e-07
2.7 -19.2083 -4.37365e-07
2.72 -18.7074 -4.18847e-07
2.74 -18.1786 -3.87111e-07
2.76 -17.6395 -3.40838e-07
2.78 -17.1074 -2.81231e-07
2.8 -16.5893 -2.12036e-07
2.82 -16.073 -1.38777e-07
2.84 -15.5338 -7.04072e-08
2.86 -14.9496 -1.6426e-08
2.88 -14.3141 1.7584e-08
2.9 -13.6368 2.96796e-08
2.92 -12.9317 2.18572e-08
2.94 -12.2149 -6.76009e-12
2.96 -11.5048 -2.82474e-08
2.98 -10.82 -5.53894e-08
3 -10.1784 -7.60263e-08
3.02 -9.5787 -8.7188e-08
3.04 -8.99193 -8.74439e-08
3.06 -8.40014 -7.69552e-08
3.08 -7.81132 -5.62825e-08
3.1 -7.23925 -2.5393e-08
3.12 -6.70048 1.50165e-08
3.14 -6.21397 6.29419e-08
3.16 -5.79853 1.15026e-07
3.18 -5.47161 1.66301e-07
3.2 -5.22381 2.10701e-07
3.22 -5.01723 2.42575e-07
3.24 -4.83933 2.58218e-07
3.26 -4.70597 2.56462e-07
3.28 -4.63575 2.38947e-07
3.3 -4.65087 2.09049e-07
3.32 -4.77456 1.71636e-07
3.34 -4.97674 1.32376e-07
3.36 -5.15487 9.44393e-08
3.38 -5.25353 6.06177e-08
3.4 -5.2922 3.47045e-08
3.42 -5.29939 1.79968e-08
3.44 -5.31131 1.10107e-08
3.46 -5.32929 1.52401e-08
3.48 -5.29379 3.01674e-08
3.5 -5.16694 5.38447e-08
3.52 -4.95636 8.50414e-08
3.54 -4.67509 1.20299e-07
3.56 -4.34078 1.54865e-07
3.58 -3.97505 1.85733e-07
3.6 -3.59606 2.09525e-07
3.62 -3.20358 2.23903e-07
3.64 -2.78606 2.29905e-07
3.66 -2.34645 2.29108e-07
3.68 -1.89508 2.22736e-07
3.7 -1.44237 2.13614e-07
3.72 -1.00203 2.04477e-07
3.74 -0.589646 1.96946e-07
3.76 -0.218738 1.92924e-07
3.78 0.110689 1.93374e-07
3.8 0.415705 1.9846e-07
3.82 0.716655 2.08752e-07
3.84 1.02004 2.24198e-07
3.86 1.31568 2.43881e-07
3.88 1.5867 2.66345e-07
3.9 1.81367 2.89431e-07
3.92 1.97478 3.10369e-07
3.94 2.04796 3.26652e-07
3.96 2.01359 3.36767e-07
3.98 1.88316 3.39249e-07
4 1.70824 3.33194e-07
4.02 1.52329 3.19643e-07
4.04 1.32668 2.99986e-07
4.06 1.1195 2.75577e-07
4.08 0.915494 2.48853e-07
4.1 0.718959 2.22337e-07
4.12 0.519859 1.97795e-07
4.14 0.305499 1.77063e-07
4.16 0.0618486 1.61799e-07
4.18 -0.226695 1.52555e-07
4.2 -0.576196 1.49322e-07
4.22 -1.00304 1.51385e-07
4.24 -1.52367 1.56561e-07
4.26 -2.15436 1.62362e-07
4.28 -2.90615 1.66002e-07
4.3 -3.7815 1.63953e-07
4.32 -4.77706 1.53747e-07
4.34 -5.87589 1.33633e-07
4.36 -7.00936 1.0218e-07
4.38 -8.09114 5.99423e-08
4.4 -9.10494 9.28155e-09
4.42 -10.071 -4.69741e-08
4.44 -10.9811 -1.05551e-07
4.46 -11.7988 -1.62124e-07
4.48 -12.4776 -2.13065e-07
4.5 -12.9893 -2.55261e-07
4.52 -13.3413 -2.85026e-07
4.54 -13.5606 -3.00232e-07
4.56 -13.6781 -3.00565e-07
4.58 -13.7293 -2.86563e-07
4.6 -13.7535 -2.60498e-07
4.62 -13.7915 -2.26466e-07
4.64 -13.8847 -1.88868e-07
4.66 -14.071 -1.52321e-07
4.68 -14.3418 -1.21985e-07
4.7 -14.6352 -1.02069e-07
4.72 -14.9212 -9.5108e-08
4.74 -15.2172 -1.02448e-07
4.76 -15.5465 -1.2412e-07
4.78 -15.9386 -1.58064e-07
4.8 -16.4253 -2.00917e-07
4.82 -17.0391 -2.49317e-07
4.84 -17.7936 -2.99507e-07
4.86 -18.6141 -3.48013e-07
4.88 -19.3823 -3.92221e-07
4.9 -20.056 -4.2895e-07
4.92 -20.6439 -4.55493e-07
4.94 -21.1604 -4.70875e-07
4.96 -21.6118 -4.75053e-07
4.98 -21.9637 -4.68238e-07
5 -22.1818 -4.52716e-07
5.02 -22.2694 -4.31484e-07
5.04 -22.242 -4.06371e-07
5.06 -22.1178 -3.80545e-07
5.08 -21.9186 -3.57035e-07
5.1 -21.6661 -3.36472e-07
5.12 -21.3763 -3.20083e-07
5.14 -21.0416 -3.10028e-07
5.16 -20.6385 -3.05815e-07
5.18 -20.1569 -3.05677e-07
5.2 -19.6002 -3.08564e-07
5.22 -18.9788 -3.12334e-07
5.24 -18.3125 -3.13482e-07
5.26 -17.6271 -3.10078e-07
5.28 -16.9324 -3.00974e-07
5.3 -16.1935 -2.84299e-07
5.32 -15.3798 -2.59541e-07
5.34 -14.5037 -2.27964e-07
5.36 -13.5867 -1.90463e-07
5.38 -12.6524 -1.48057e-07
5.4 -11.7287 -1.03551e-07
5.42 -10.8425 -5.95039e-08
5.44 -10.0173 -1.75828e-08
5.46 -9.25885 1.99188e-08
5.48 -8.55064 5.08679e-08
5.5 -7.8706 7.48054e-08
5.52 -7.21094 9.15287e-08
5.54 -6.58144 1.00517e-07
5.56 -5.9989 1.03003e-07
5.58 -5.48185 1.01204e-07
5.6 -5.0497 9.65838e-08
5.62 -4.72147 9.10572e-08
5.64 -4.51485 8.68764e-08
5.66 -4.43078 8.4816e-08
5.68 -4.43911 8.4581e-08
5.7 -4.4969 8.64261e-08
5.72 -4.57807 9.02384e-08
5.74 -4.67938 9.44422e-08
5.76 -4.80675 9.81002e-08
5.78 -4.96051 1.01138e-07
5.8 -5.12726 1.02166e-07
5.82 -5.28913 1.00077e-07
5.84 -5.43843 9.53133e-08
5.86 -5.57379 8.78889e-08
5.88 -5.69195 7.78746e-08
5.9 -5.79208 6.66656e-08
5.92 -5.87903 5.52103e-08
5.94 -5.96172 4.39789e-08
5.96 -6.05374 3.42126e-08
5.98 -6.17073 2.67878e-08
6 -6.31772 2.18776e-08
6.02 -6.48081 1.96111e-08
6.04 -6.63632 1.96278e-08
6.06 -6.77047 2.13273e-08
6.08 -6.89141 2.4164e-08
6.1 -7.01527 2.73117e-08
6.12 -7.1445 2.97291e-08
6.14 -7.26996 3.065e-08
6.16 -7.39043 2.98828e-08
6.18 -7.51443 2.73011e-08
6.2 -7.65194 2.27034e-08
6.22 -7.81347 1.63488e-08
6.24 -7.99997 8.53322e-09
6.26 -8.19724 -6.10057e-10
6.28 -8.39055 -1.03618e-08
6.3 -8.57581 -2.00359e-08
6.32 -8.75721 -2.93108e-08
6.34 -8.9387 -3.75422e-08
6.36 -9.11775 -4.41891e-08
6.38 -9.29006 -4.90864e-08
6.4 -9.45591 -5.21777e-08
6.42 -9.61816 -5.37941e-08
6.44 -9.78003 -5.4372e-08
6.46 -9.94164 -5.42034e-08
6.48 -10.0943 -5.36707e-08
6.5 -10.2247 -5.32234e-08
6.52 -10.3277 -5.34008e-08
6.54 -10.4083 -5.44163e-08
6.56 -10.4713 -5.61286e-08
6.58 -10.5203 -5.84126e-08
6.6 -10.5602 -6.10979e-08
6.62 -10.6001 -6.40337e-08
6.64 -10.6443 -6.71012e-08
6.66 -10.6858 -7.00653e-08
6.68 -10.7207 -7.23593e-08
6.7 -10.7502 -7.36727e-08
6.72 -10.7727 -7.46307e-08
6.74 -10.7872 -7.51148e-08
6.76 -10.7958 -7.44378e-08
6.78 -10.8037 -7.34584e-08
6.8 -10.8182 -7.26753e-08
6.82 -10.8487 -7.14383e-08
6.84 -10.9082 -7.02358e-08
6.86 -11.0123 -7.01844e-08
6.88 -11.1585 -7.11806e-08
6.9 -11.3178 -7.31841e-08
6.92 -11.4659 -7.70327e-08
6.94 -11.6013 -8.2573e-08
6.96 -11.7333 -8.92811e-08
6.98 -11.8687 -9.72409e-08
7 -12.0022 -1.0587e-07
7.02 -12.1179 -1.14353e-07
7.04 -12.2029 -1.22358e-07
7.06 -12.2588 -1.29217e-07
7.08 -12.2974 -1.34422e-07
7.1 -12.3327 -1.37615e-07
7.12 -12.3781 -1.38618e-07
7.14 -12.4445 -1.38174e-07
7.16 -12.5328 -1.36264e-07
7.18 -12.6285 -1.33068e-07
7.2 -12.7153 -1.30111e-07
7.22 -12.7888 -1.27738e-07
7.24 -12.8507 -1.25833e-07
7.26 -12.9 -1.25666e-07
7.28 -12.9389 -1.27686e-07
7.3 -12.9735 -1.3097e-07
7.32 -13.0109 -1.35843e-07
7.34 -13.058 -1.42238e-07
7.36 -13.1205 -1.48636e-07
7.38 -13.1963 -1.54992e-07
7.4 -13.2776 -1.61277e-07
7.42 -13.3621 -1.66195e-07
7.44 -13.4599 -1.70072e-07
7.46 -13.5839 -1.73447e-07
7.48 -13.7346 -1.75452e-07
7.5 -13.8998 -1.76823e-07
7.52 -14.0684 -1.78512e-07
7.54 -14.2343 -1.8e-07
7.56 -14.3969 -1.81957e-07
7.58 -14.5597 -1.85361e-07
7.6 -14.7283 -1.89621e-07
7.62 -14.9113 -1.94652e-07
7.64 -15.1183 -2.00991e-07
7.66 -15.3566 -2.08295e-07
7.68 -15.6271 -2.16468e-07
7.7 -15.9247 -2.25646e-07
7.72 -16.2486 -2.3548e-07
7.74 -16.6073 -2.45792e-07
7.76 -17.0031 -2.56516e-07
7.78 -17.4257 -2.67773e-07
7.8 -17.8636 -2.7981e-07
7.82 -18.3006 -2.92354e-07
7.84 -18.7195 -3.05287e-07
7.86 -19.1109 -3.1854e-07
7.88 -19.4686 -3.31341e-07
7.9 -19.7892 -3.43237e-07
7.92 -20.0716 -3.54133e-07
7.94 -20.3166 -3.63505e-07
7.96 -20.5317 -3.71102e-07
7.98 -20.7357 -3.76953e-07
8 -20.9377 -3.80724e-07
8.02 -21.1227 -3.82553e-07
8.04 -21.2735 -3.83009e-07
8.06 -21.387 -3.82229e-07
8.08 -21.4686 -3.80745e-07
8.1 -21.5222 -3.79421e-07
8.12 -21.5509 -3.78538e-07
8.14 -21.5573 -3.77957e-07
8.16 -21.5437 -3.77525e-07
8.18 -21.5112 -3.77296e-07
8.2 -21.4586 -3.76676e-07
8.22 -21.3843 -3.74846e-07
8.24 -21.2901 -3.72355e-07
8.26 -21.1828 -3.69727e-07
8.28 -21.0725 -3.66445e-07
8.3 -20.9709 -3.62693e-07
8.32 -20.8884 -3.58982e-07
8.34 -20.8301 -3.54715e-07
8.36 -20.7974 -3.4987e-07
8.38 -20.7905 -3.45484e-07
8.4 -20.8079 -3.41918e-07
8.42 -20.8472 -3.38849e-07
8.44 -20.9039 -3.36463e-07
8.46 -20.9729 -3.36163e-07
8.48 -21.0528 -3.38457e-07
8.5 -21.1468 -3.42182e-07
8.52 -21.2398 -3.47078e-07
8.54 -21.2828 -3.53095e-07
8.56 -21.2368 -3.58789e-07
8.58 -21.0951 -3.6328e-07
8.6 -20.8619 -3.66518e-07
8.62 -20.5474 -3.66733e-07
8.64 -20.1651 -3.62165e-07
8.66 -19.7297 -3.53207e-07
8.68 -19.2562 -3.39929e-07
8.7 -18.7592 -3.21819e-07
8.72 -18.253 -2.99668e-07
8.74 -17.7477 -2.74695e-07
8.76 -17.2441 -2.47867e-07
8.78 -16.739 -2.20982e-07
8.8 -16.2362 -1.95824e-07
8.82 -15.7461 -1.73241e-07
8.84 -15.2732 -1.54185e-07
8.86 -14.8186 -1.39709e-07
8.88 -14.3931 -1.29763e-07
8.9 -14.0168 -1.23822e-07
8.92 -13.7106 -1.21659e-07
8.94 -13.4993 -1.22316e-07
8.96 -13.3945 -1.24714e-07
8.98 -13.3423 -1.28565e-07
9 -13.2648 -1.33258e-07
9.02 -13.1479 -1.37801e-07
9.04 -13.0064 -1.41436e-07
9.06 -12.8338 -1.4343e-07
9.08 -12.6138 -1.43189e-07
9.1 -12.3462 -1.40144e-07
9.12 -12.0383 -1.3382e-07
9.14 -11.6913 -1.2423e-07
9.16 -11.3184 -1.1144e-07
9.18 -10.9484 -9.58007e-08
9.2 -10.6175 -7.85268e-08
9.22 -10.3681 -6.09838e-08
9.24 -10.2194 -4.44767e-08
9.26 -10.1447 -3.06114e-08
9.28 -10.1151 -2.08201e-08
9.3 -10.1196 -1.5994e-08
9.32 -10.1391 -1.65499e-08
9.34 -10.1479 -2.24646e-08
9.36 -10.1212 -3.29455e-08
9.38 -10.0353 -4.67475e-08
9.4 -9.87421 -6.2629e-08
9.42 -9.63974 -7.75875e-08
9.44 -9.35345 -8.84963e-08
9.46 -9.04525 -9.447e-08
9.48 -8.74692 -9.42324e-08
9.5 -8.49534 -8.66646e-08
9.52 -8.32948 -7.25525e-08
9.54 -8.2409 -5.3407e-08
9.56 -8.1738 -3.14029e-08
9.58 -8.1033 -9.6501e-09
9.6 -8.03306 9.5092e-09
9.62 -7.96645 2.46106e-08
9.64 -7.91632 3.39317e-08
9.66 -7.90334 3.65449e-08
9.68 -7.92519 3.16261e-08
9.7 -7.94296 1.91798e-08
9.72 -7.93243 2.15378e-09
9.74 -7.90226 -1.7121e-08
9.76 -7.86282 -3.7597e-08
9.78 -7.82128 -5.63364e-08
9.8 -7.78953 -7.04382e-08
9.82 -7.78366 -7.91066e-08
9.84 -7.81868 -8.20439e-08
9.86 -7.90466 -7.89352e-08
9.88 -8.04194 -7.04935e-08
9.9 -8.21778 -5.83731e-08
9.92 -8.41233 -4.48883e-08
9.94 -8.61073 -3.23491e-08
9.96 -8.80088 -2.29245e-08
9.98 -8.96593 -1.84642e-08
10 -9.103 -1.96465e-08
10.02 -9.2296 -2.6523e-08
10.04 -9.36868 -3.87859e-08
10.06 -9.53028 -5.5149e-08
10.08 -9.70144 -7.40375e-08
10.1 -9.86993 -9.41234e-08
10.12 -10.0337 -1.13538e-07
10.14 -10.1857 -1.30139e-07
10.16 -10.3148 -1.42529e-07
10.18 -10.4143 -1.4994e-07
10.2 -10.4869 -1.51674e-07
10.22 -10.5407 -1.48104e-07
10.24 -10.5886 -1.40505e-07
10.26 -10.6503 -1.29736e-07
10.28 -10.7485 -1.17382e-07
10.3 -10.9055 -1.05566e-07
10.32 -11.129 -9.56615e-08
10.34 -11.3993 -8.96197e-08
10.36 -11.6797 -8.91992e-08
10.38 -11.9411 -9.46164e-08
10.4 -12.1773 -1.06059e-07
10.42 -12.3809 -1.23051e-07
10.44 -12.528 -1.434e-07
10.46 -12.6111 -1.64905e-07
10.48 -12.6481 -1.85623e-07
10.5 -12.663 -2.03348e-07
10.52 -12.6791 -2.16264e-07
10.54 -12.7148 -2.22425e-07
10.56 -12.7792 -2.21623e-07
10.58 -12.8661 -2.15698e-07
10.6 -12.9598 -2.04436e-07
10.62 -13.0475 -1.88884e-07
10.64 -13.1193 -1.7326e-07
10.66 -13.1704 -1.59046e-07
10.68 -13.1995 -1.46964e-07
10.7 -13.2005 -1.40014e-07
10.72 -13.1619 -1.38411e-07
10.74 -13.0738 -1.40634e-07
10.76 -12.936 -1.47856e-07
10.78 -12.7615 -1.58948e-07
10.8 -12.5684 -1.7024e-07
10.82 -12.3735 -1.80911e-07
10.84 -12.1837 -1.89575e-07
10.86 -11.9971 -1.9345e-07
10.88 -11.8102 -1.92434e-07
10.9 -11.6131 -1.86861e-07
10.92 -11.4005 -1.76013e-07
10.94 -11.183 -1.61097e-07
10.96 -10.9777 -1.43956e-07
10.98 -10.8019 -1.25333e-07
11 -10.6702 -1.0715e-07
11.02 -10.5803 -9.1708e-08
11.04 -10.5121 -8.00448e-08
11.06 -10.4391 -7.33938e-08
11.08 -10.343 -7.26231e-08
11.1 -10.223 -7.70452e-08
11.12 -10.0892 -8.55487e-08
11.14 -9.95408 -9.69274e-08
11.16 -9.83191 -1.09376e-07
11.18 -9.73222 -1.21008e-07
11.2 -9.64577 -1.30273e-07
11.22 -9.54941 -1.36102e-07
11.24 -9.42316 -1.37788e-07
11.26 -9.25526 -1.34698e-07
11.28 -9.0439 -1.26929e-07
11.3 -8.79411 -1.15272e-07
11.32 -8.51257 -1.00428e-07
11.34 -8.20683 -8.32244e-08
11.36 -7.88354 -6.49459e-08
11.38 -7.54139 -4.69086e-08
11.4 -7.17007 -3.01418e-08
11.42 -6.757 -1.55949e-08
11.44 -6.28773 -3.84451e-09
11.46 -5.75506 5.33299e-09
11.48 -5.16674 1.26693e-08
11.5 -4.53534 1.9125e-08
11.52 -3.8724 2.60801e-08
11.54 -3.18831 3.48551e-08
11.56 -2.49282 4.60239e-08
11.58 -1.7974 6.01701e-08
11.6 -1.11573 7.80031e-08
11.62 -0.462318 9.91098e-08
11.64 0.148773 1.22636e-07
11.66 0.705099 1.48011e-07
11.68 1.19588 1.73744e-07
11.7 1.61107 1.9787e-07
11.72 1.94312 2.18938e-07
11.74 2.18789 2.35522e-07
11.76 2.34269 2.46022e-07
11.78 2.40453 2.49545e-07
11.8 2.36645 2.46194e-07
11.82 2.21574 2.36169e-07
11.84 1.93801 2.2009e-07
11.86 1.53757 1.99147e-07
11.88 1.05539 1.7419e-07
11.9 0.546464 1.46432e-07
11.92 0.0560105 1.17693e-07
11.94 -0.388974 8.95867e-08
11.96 -0.781399 6.39428e-08
11.98 -1.114 4.24275e-08
12 -1.37019 2.58744e-08
12.02 -1.53793 1.52396e-08
12.04 -1.61892 1.13027e-08
12.06 -1.62297 1.35729e-08
12.08 -1.56171 2.13712e-08
12.1 -1.44384 3.41025e-08
12.12 -1.2704 4.98245e-08
12.14 -1.03959 6.68714e-08
12.16 -0.75143 8.46383e-08
12.18 -0.406542 1.01493e-07
12.2 -0.00560602 1.16004e-07
12.22 0.450713 1.28262e-07
12.24 0.95568 1.38206e-07
12.26 1.4856 1.45936e-07
12.28 2.00965 1.52585e-07
12.3 2.51097 1.58746e-07
12.32 2.97995 1.64808e-07
12.34 3.40935 1.71864e-07
12.36 3.80486 1.80204e-07
12.38 4.17025 1.89699e-07
12.4 4.49664 2.00661e-07
12.42 4.77769 2.12316e-07
12.44 5.01769 2.23546e-07
12.46 5.22749 2.34229e-07
12.48 5.41637 2.43611e-07
12.5 5.58223 2.50658e-07
12.52 5.71763 2.55178e-07
12.54 5.82422 2.56794e-07
12.56 5.90463 2.55406e-07
12.58 5.9586 2.51645e-07
12.6 5.99367 2.45881e-07
12.62 6.01926 2.38972e-07
12.64 6.04269 2.32239e-07
12.66 6.07101 2.25773e-07
12.68 6.10458 2.1997e-07
12.7 6.13824 2.16439e-07
12.72 6.16814 2.15121e-07
12.74 6.19717 2.15253e-07
12.76 6.23575 2.17652e-07
12.78 6.29191 2.22304e-07
12.8 6.36187 2.28039e-07
12.82 6.43261 2.34656e-07
12.84 6.48834 2.4132e-07
12.86 6.51654 2.46966e-07
12.88 6.51161 2.51474e-07
12.9 6.47213 2.53995e-07
12.92 6.39885 2.54519e-07
12.94 6.2979 2.52887e-07
12.96 6.17931 2.48107e-07
12.98 6.04654 2.41186e-07
13 5.89532 2.33098e-07
13.02 5.71882 2.2359e-07
13.04 5.51007 2.1336e-07
13.06 5.26481 2.0325e-07
13.08 4.97783 1.93049e-07
13.1 4.64177 1.83211e-07
13.12 4.25153 1.74266e-07
13.14 3.81394 1.65386e-07
13.16 3.35418 1.56074e-07
13.18 2.8973 1.46467e-07
13.2 2.45866 1.36209e-07
13.22 2.05041 1.2505e-07
13.24 1.67875 1.13221e-07
13.26 1.34155 1.00735e-07
13.28 1.03279 8.77563e-08
13.3 0.743026 7.52192e-08
13.32 0.453127 6.39386e-08
13.34 0.156039 5.41762e-08
13.36 -0.128013 4.62512e-08
13.38 -0.387303 4.02544e-08
13.4 -0.634377 3.59764e-08
13.42 -0.888373 3.31754e-08
13.44 -1.15663 3.12337e-08
13.46 -1.41637 2.94469e-08
13.48 -1.63242 2.74802e-08
13.5 -1.79882 2.506e-08
13.52 -1.9364 2.22292e-08
13.54 -2.06349 1.92575e-08
13.56 -2.18659 1.59638e-08
13.58 -2.3002 1.23588e-08
13.6 -2.39464 8.73169e-09
13.62 -2.46604 5.12075e-09
13.64 -2.51506 1.82422e-09
13.66 -2.54394 -5.7265e-10
13.68 -2.55849 -2.03042e-09
13.7 -2.56608 -2.36644e-09
13.72 -2.57286 -1.05065e-09
13.74 -2.58791 1.05294e-09
13.76 -2.6214 3.6434e-09
13.78 -2.6892 7.18275e-09
13.8 -2.8125 1.00936e-08
13.82 -2.98625 1.1499e-08
13.84 -3.17287 1.16949e-08
13.86 -3.32836 9.63152e-09
13.88 -3.42422 5.05998e-09
13.9 -3.45805 -8.93277e-10
13.92 -3.44028 -7.72806e-09
13.94 -3.3841 -1.50215e-08
13.96 -3.30509 -2.16469e-08
13.98 -3.21758 -2.62514e-08
14 -3.13316 -2.83687e-08
14.02 -3.06533 -2.78722e-08
14.04 -3.01931 -2.41684e-08
14.06 -2.97373 -1.75981e-08
14.08 -2.90457 -8.96407e-09
14.1 -2.8026 1.09866e-09
14.12 -2.66196 1.13599e-08
14.14 -2.48633 2.08373e-08
14.16 -2.29296 2.93611e-08
14.18 -2.11106 3.6635e-08
14.2 -1.97193 4.23561e-08
14.22 -1.89992 4.64348e-08
14.24 -1.91525 4.80876e-08
14.26 -2.02452 4.72926e-08
14.28 -2.21298 4.48118e-08
14.3 -2.45042 3.94629e-08
14.32 -2.70349 3.09645e-08
14.34 -2.9487 2.09992e-08
14.36 -3.18098 9.33158e-09
14.38 -3.41079 -4.14573e-09
14.4 -3.65396 -1.75725e-08
14.42 -3.92262 -3.02498e-08
14.44 -4.21127 -4.23293e-08
14.46 -4.50193 -5.24317e-08
14.48 -4.78176 -6.00675e-08
14.5 -5.04796 -6.63006e-08
14.52 -5.30531 -7.0956e-08
14.54 -5.55566 -7.37399e-08
14.56 -5.79353 -7.55327e-08
14.58 -6.01193 -7.69669e-08
14.6 -6.20242 -7.80687e-08
14.62 -6.35245 -7.94185e-08
14.64 -6.45394 -8.13269e-08
14.66 -6.51494 -8.34067e-08
14.68 -6.55168 -8.57077e-08
14.7 -6.57729 -8.83806e-08
14.72 -6.60243 -9.1038e-08
14.74 -6.63382 -9.32827e-08
14.76 -6.67529 -9.54794e-08
14.78 -6.73425 -9.70899e-08
14.8 -6.81346 -9.75725e-08
14.82 -6.8925 -9.79453e-08
14.84 -6.94211 -9.82043e-08
14.86 -6.95671 -9.80957e-08
14.88 -6.9509 -9.78694e-08
14.9 -6.94241 -9.72118e-08
14.92 -6.94896 -9.72094e-08
14.94 -6.9779 -9.80505e-08
14.96 -7.01973 -9.80082e-08
14.98 -7.05872 -9.84142e-08
15 -7.0875 -1.00439e-07
15.02 -7.11527 -1.02331e-07
15.04 -7.1598 -1.04142e-07
15.06 -7.23933 -1.06697e-07
15.08 -7.36536 -1.09456e-07
15.1 -7.53145 -1.12875e-07
15.12 -7.71729 -1.17643e-07
15.14 -7.90164 -1.22986e-07
15.16 -8.07091 -1.28661e-07
15.18 -8.22087 -1.35007e-07
15.2 -8.35404 -1.41741e-07
15.22 -8.47788 -1.48629e-07
15.24 -8.60358 -1.55202e-07
15.26 -8.73591 -1.60914e-07
15.28 -8.86503 -1.65718e-07
15.3 -8.97492 -1.69741e-07
15.32 -9.05542 -1.72824e-07
15.34 -9.10945 -1.74459e-07
15.36 -9.14863 -1.74852e-07
15.38 -9.186 -1.7465e-07
15.4 -9.22703 -1.73809e-07
15.42 -9.26757 -1.72466e-07
15.44 -9.31023 -1.71341e-07
15.46 -9.36717 -1.70446e-07
15.48 -9.45138 -1.69812e-07
15.5 -9.57164 -1.70251e-07
15.52 -9.72679 -1.72032e-07
15.54 -9.91003 -1.75232e-07
15.56 -10.1191 -1.80397e-07
15.58 -10.3605 -1.87523e-07
15.6 -10.6422 -1.96191e-07
15.62 -10.9582 -2.06348e-07
15.64 -11.2837 -2.18011e-07
15.66 -11.5908 -2.30869e-07
15.68 -11.8583 -2.44242e-07
15.7 -12.0806 -2.5736e-07
15.72 -12.269 -2.69406e-07
15.74 -12.4385 -2.7951e-07
15.76 -12.6018 -2.8703e-07
15.78 -12.7634 -2.9184e-07
15.8 -12.9133 -2.94154e-07
15.82 -13.0363 -2.93993e-07
15.84 -13.1262 -2.91775e-07
15.86 -13.1893 -2.88115e-07
15.88 -13.2372 -2.83244e-07
15.9 -13.2824 -2.78205e-07
15.92 -13.3329 -2.74035e-07
15.94 -13.3864 -2.70877e-07
15.96 -13.4358 -2.69503e-07
15.98 -13.473 -2.70281e-07
16 -13.4896 -2.72629e-07
16.02 -13.4861 -2.76407e-07
16.04 -13.4744 -2.81192e-07
16.06 -13.4695 -2.86237e-07
16.08 -13.4856 -2.91472e-07
16.1 -13.5348 -2.95992e-07
16.12 -13.6234 -2.98321e-07
16.14 -13.7478 -2.99784e-07
16.16 -13.8907 -3.01293e-07
16.18 -14.0204 -3.01438e-07
16.2 -14.1076 -3.00921e-07
16.22 -14.1495 -3.00878e-07
16.24 -14.1601 -3.00673e-07
16.26 -14.1558 -3.00632e-07
16.28 -14.1552 -3.01542e-07
16.3 -14.173 -3.02343e-07
16.32 -14.2094 -3.02601e-07
16.34 -14.2608 -3.03054e-07
16.36 -14.3312 -3.04395e-07
16.38 -14.4224 -3.06687e-07
16.4 -14.5304 -3.08733e-07
16.42 -14.652 -3.10657e-07
16.44 -14.7852 -3.13463e-07
16.46 -14.9262 -3.17047e-07
16.48 -15.0658 -3.21281e-07
16.5 -15.192 -3.26593e-07
16.52 -15.2948 -3.32053e-07
16.54 -15.3749 -3.36689e-07
16.56 -15.4417 -3.41428e-07
16.58 -15.5066 -3.45954e-07
16.6 -15.5743 -3.49106e-07
16.62 -15.6357 -3.51291e-07
16.64 -15.6801 -3.52552e-07
16.66 -15.7021 -3.52607e-07
16.68 -15.7005 -3.51804e-07
16.7 -15.6794 -3.49818e-07
16.72 -15.6433 -3.47434e-07
16.74 -15.5944 -3.44904e-07
16.76 -15.5362 -3.40922e-07
16.78 -15.4741 -3.36912e-07
16.8 -15.4081 -3.33867e-07
16.82 -15.334 -3.30467e-07
16.84 -15.2551 -3.27413e-07
16.86 -15.1848 -3.25488e-07
16.88 -15.142 -3.23398e-07
16.9 -15.1474 -3.21979e-07
16.92 -15.2132 -3.22297e-07
16.94 -15.3383 -3.22734e-07
16.96 -15.513 -3.24078e-07
16.98 -15.7198 -3.27519e-07
17 -15.9389 -3.31874e-07
17.02 -16.1545 -3.37803e-07
17.04 -16.3568 -3.46016e-07
17.06 -16.5452 -3.54963e-07
17.08 -16.7252 -3.64281e-07
17.1 -16.9037 -3.74054e-07
17.12 -17.0877 -3.82522e-07
17.14 -17.2788 -3.89491e-07
17.16 -17.4689 -3.95558e-07
17.18 -17.6455 -3.99741e-07
17.2 -17.7955 -4.021e-07
17.22 -17.9054 -4.03448e-07
17.24 -17.9682 -4.0324e-07
17.26 -17.988 -4.01514e-07
17.28 -17.9749 -3.99169e-07
17.3 -17.9402 -3.95911e-07
17.32 -17.8952 -3.92002e-07
17.34 -17.8449 -3.87853e-07
17.36 -17.7832 -3.83344e-07
17.38 -17.6997 -3.79145e-07
17.4 -17.5882 -3.7534e-07
17.42 -17.4502 -3.71595e-07
17.44 -17.2897 -3.68104e-07
17.46 -17.1068 -3.64484e-07
17.48 -16.8971 -3.60191e-07
17.5 -16.6573 -3.55551e-07
17.52 -16.3884 -3.50307e-07
17.54 -16.0944 -3.43736e-07
17.56 -15.7802 -3.35817e-07
17.58 -15.4507 -3.26502e-07
17.6 -15.1105 -3.15675e-07
17.62 -14.7658 -3.03825e-07
17.64 -14.4316 -2.91274e-07
17.66 -14.1334 -2.78038e-07
17.68 -13.8916 -2.64891e-07
17.7 -13.7128 -2.52963e-07
17.72 -13.5951 -2.43077e-07
17.74 -13.5289 -2.35868e-07
17.76 -13.4949 -2.31814e-07
17.78 -13.4725 -2.30728e-07
17.8 -13.4501 -2.32352e-07
17.82 -13.4236 -2.36903e-07
17.84 -13.3953 -2.43527e-07
17.86 -13.3703 -2.50871e-07
17.88 -13.3518 -2.58258e-07
17.9 -13.3427 -2.64788e-07
17.92 -13.3463 -2.69898e-07
17.94 -13.3619 -2.72816e-07
17.96 -13.3826 -2.72509e-07
17.98 -13.401 -2.7003e-07
18 -13.4166 -2.66147e-07
18.02 -13.4351 -2.60669e-07
18.04 -13.461 -2.55134e-07
18.06 -13.4934 -2.49872e-07
18.08 -13.5246 -2.44641e-07
18.1 -13.5461 -2.41907e-07
18.12 -13.5575 -2.42339e-07
18.14 -13.5678 -2.43818e-07
18.16 -13.5852 -2.47236e-07
18.18 -13.6069 -2.53751e-07
18.2 -13.6204 -2.60938e-07
18.22 -13.6153 -2.68337e-07
18.24 -13.592 -2.7642e-07
18.26 -13.5591 -2.834e-07
18.28 -13.5231 -2.88552e-07
18.3 -13.4872 -2.91633e-07
18.32 -13.4537 -2.92013e-07
18.34 -13.424 -2.90063e-07
18.36 -13.3995 -2.86415e-07
18.38 -13.3824 -2.80627e-07
18.4 -13.3753 -2.73519e-07
18.42 -13.3811 -2.67753e-07
18.44 -13.4024 -2.63439e-07
18.46 -13.4421 -2.59644e-07
18.48 -13.5027 -2.58593e-07
18.5 -13.5871 -2.60886e-07
18.52 -13.6985 -2.64423e-07
18.54 -13.8389 -2.70204e-07
18.56 -14.0037 -2.78868e-07
18.58 -14.1831 -2.88594e-07
18.6 -14.3662 -2.994e-07
18.62 -14.5429 -3.1131e-07
18.64 -14.7114 -3.2227e-07
18.66 -14.8771 -3.31664e-07
18.68 -15.0371 -3.39965e-07
18.7 -15.1755 -3.4605e-07
18.72 -15.2753 -3.49514e-07
18.74 -15.3299 -3.50818e-07
18.76 -15.3436 -3.49833e-07
18.78 -15.3302 -3.46678e-07
18.8 -15.3121 -3.4182e-07
18.82 -15.3079 -3.36269e-07
18.84 -15.3181 -3.30457e-07
18.86 -15.3314 -3.24789e-07
18.88 -15.3399 -3.20772e-07
18.9 -15.3392 -3.17825e-07
18.92 -15.3212 -3.1591e-07
18.94 -15.2751 -3.17232e-07
18.96 -15.1998 -3.2002e-07
18.98 -15.1091 -3.21929e-07
19 -15.0186 -3.25125e-07
19.02 -14.9356 -3.29443e-07
19.04 -14.8636 -3.31847e-07
19.06 -14.8062 -3.3261e-07
19.08 -14.7677 -3.32047e-07
19.1 -14.7532 -3.28611e-07
19.12 -14.7616 -3.24064e-07
19.14 -14.7803 -3.20335e-07
19.16 -14.791 -3.15105e-07
19.18 -14.7822 -3.09216e-07
19.2 -14.7521 -3.06044e-07
19.22 -14.7016 -3.03754e-07
19.24 -14.6299 -3.0132e-07
19.26 -14.5374 -3.0116e-07
19.28 -14.4304 -3.02107e-07
19.3 -14.3205 -3.02201e-07
19.32 -14.2225 -3.02832e-07
19.34 -14.1494 -3.03683e-07
19.36 -14.1032 -3.02903e-07
19.38 -14.0767 -3.01206e-07
19.4 -14.06 -2.99748e-07
19.42 -14.0422 -2.97713e-07
19.44 -14.0134 -2.94194e-07
19.46 -13.9662 -2.90497e-07
19.48 -13.9014 -2.87016e-07
19.5 -13.8299 -2.82942e-07
19.52 -13.767 -2.79585e-07
19.54 -13.7294 -2.77494e-07
19.56 -13.7267 -2.75067e-07
19.58 -13.7522 -2.73092e-07
19.6 -13.7898 -2.73217e-07
19.62 -13.8267 -2.73446e-07
19.64 -13.853 -2.74122e-07
19.66 -13.8606 -2.7691e-07
19.68 -13.8446 -2.79005e-07
19.7 -13.8029 -2.80143e-07
19.72 -13.734 -2.82464e-07
19.74 -13.636 -2.83589e-07
19.76 -13.5064 -2.82e-07
19.78 -13.3459 -2.79805e-07
19.8 -13.1578 -2.75965e-07
19.82 -12.9449 -2.69236e-07
19.84 -12.7127 -2.61194e-07
19.86 -12.4706 -2.51491e-07
19.88 -12.2284 -2.39778e-07
19.9 -11.9909 -2.27986e-07
19.92 -11.7565 -2.16578e-07
19.94 -11.5206 -2.05106e-07
19.96 -11.2795 -1.94892e-07
19.98 -11.038 -1.86637e-07
20 -10.8099 -1.79983e-07
20.02 -10.6128 -1.75354e-07
20.04 -10.4622 -1.72766e-07
20.06 -10.3654 -1.71483e-07
20.08 -10.324 -1.71635e-07
20.1 -10.3348 -1.73639e-07
20.12 -10.39 -1.76725e-07
20.14 -10.4777 -1.80135e-07
20.16 -10.5812 -1.84674e-07
20.18 -10.6808 -1.90263e-07
20.2 -10.7605 -1.95693e-07
20.22 -10.811 -2.01102e-07
20.24 -10.8283 -2.06357e-07
20.26 -10.8135 -2.10045e-07
20.28 -10.7714 -2.11902e-07
20.3 -10.7118 -2.1305e-07
20.32 -10.6507 -2.12117e-07
20.34 -10.606 -2.08191e-07
20.36 -10.5925 -2.03378e-07
20.38 -10.6169 -1.98139e-07
20.4 -10.673 -1.92574e-07
20.42 -10.7486 -1.87884e-07
20.44 -10.8315 -1.84598e-07
20.46 -10.9083 -1.8315e-07
20.48 -10.9651 -1.84625e-07
20.5 -10.9976 -1.88804e-07
20.52 -11.0156 -1.94604e-07
20.54 -11.0348 -2.02083e-07
20.56 -11.0713 -2.10407e-07
20.58 -11.1406 -2.18586e-07
20.6 -11.2502 -2.26628e-07
20.62 -11.3966 -2.33412e-07
20.64 -11.5684 -2.38244e-07
20.66 -11.7502 -2.42178e-07
20.68 -11.9248 -2.45419e-07
20.7 -12.075 -2.47625e-07
20.72 -12.1851 -2.49532e-07
20.74 -12.2416 -2.51272e-07
20.76 -12.2356 -2.52093e-07
20.78 -12.1708 -2.52827e-07
20.8 -12.0621 -2.5395e-07
20.82 -11.9322 -2.53744e-07
20.84 -11.8065 -2.51945e-07
20.86 -11.7064 -2.4957e-07
20.88 -11.6459 -2.46135e-07
20.9 -11.6262 -2.41676e-07
20.92 -11.638 -2.37821e-07
20.94 -11.6749 -2.34531e-07
20.96 -11.7329 -2.3116e-07
20.98 -11.8047 -2.29758e-07
21 -11.8766 -2.31103e-07
21.02 -11.9377 -2.33833e-07
21.04 -11.9881 -2.38377e-07
21.06 -12.0359 -2.448e-07
21.08 -12.0913 -2.51914e-07
21.1 -12.1651 -2.59598e-07
21.12 -12.2673 -2.6766e-07
21.14 -12.4048 -2.74479e-07
21.16 -12.5746 -2.79572e-07
21.18 -12.765 -2.84284e-07
21.2 -12.963 -2.88485e-07
21.22 -13.156 -2.91576e-07
21.24 -13.3334 -2.94441e-07
21.26 -13.4875 -2.97274e-07
21.28 -13.6124 -2.99868e-07
21.3 -13.7026 -3.03064e-07
21.32 -13.7551 -3.06736e-07
21.34 -13.773 -3.10119e-07
21.36 -13.763 -3.12929e-07
21.38 -13.7321 -3.1459e-07
21.4 -13.6862 -3.15617e-07
21.42 -13.6282 -3.15876e-07
21.44 -13.56 -3.13971e-07
21.46 -13.485 -3.10781e-07
21.48 -13.4074 -3.07294e-07
21.5 -13.3315 -3.02539e-07
21.52 -13.2586 -2.96862e-07
21.54 -13.1854 -2.9148e-07
21.56 -13.1053 -2.8602e-07
21.58 -13.0116 -2.81088e-07
21.6 -12.8975 -2.77804e-07
21.62 -12.7596 -2.75248e-07
21.64 -12.6 -2.73038e-07
21.66 -12.4209 -2.71698e-07
21.68 -12.221 -2.70637e-07
21.7 -11.9955 -2.69036e-07
21.72 -11.7392 -2.66537e-07
21.74 -11.4472 -2.62517e-07
21.76 -11.1173 -2.56404e-07
21.78 -10.7541 -2.48085e-07
21.8 -10.3715 -2.37619e-07
21.82 -9.99226 -2.25132e-07
21.84 -9.63633 -2.10986e-07
21.86 -9.31781 -1.95899e-07
21.88 -9.04601 -1.80663e-07
21.9 -8.82007 -1.66351e-07
21.92 -8.63264 -1.54081e-07
21.94 -8.47791 -1.44388e-07
21.96 -8.3529 -1.37943e-07
21.98 -8.25574 -1.35404e-07
22 -8.17939 -1.36756e-07
22.02 -8.10657 -1.4149e-07
22.04 -8.01782 -1.48719e-07
22.06 -7.90107 -1.57313e-07
22.08 -7.75725 -1.65958e-07
22.1 -7.59846 -1.73244e-07
22.12 -7.43923 -1.7792e-07
22.14 -7.29405 -1.79319e-07
22.16 -7.17631 -1.77074e-07
22.18 -7.09182 -1.7126e-07
22.2 -7.03622 -1.62801e-07
22.22 -7.00118 -1.52745e-07
22.24 -6.97823 -1.41821e-07
22.26 -6.95954 -1.31181e-07
22.28 -6.94133 -1.22467e-07
22.3 -6.92452 -1.16555e-07
22.32 -6.91175 -1.13712e-07
22.34 -6.906 -1.1412e-07
22.36 -6.90866 -1.1861e-07
22.38 -6.91813 -1.26665e-07
22.4 -6.93159 -1.35568e-07
22.42 -6.94609 -1.45541e-07
22.44 -6.95904 -1.5665e-07
22.46 -6.97015 -1.65684e-07
22.48 -6.9802 -1.72165e-07
22.5 -6.987 -1.7667e-07
22.52 -6.98456 -1.77401e-07
22.54 -6.96417 -1.74733e-07
22.56 -6.91581 -1.70801e-07
22.58 -6.82938 -1.64315e-07
22.6 -6.70405 -1.54949e-07
22.62 -6.55591 -1.45812e-07
22.64 -6.40452 -1.37115e-07
22.66 -6.26426 -1.28376e-07
22.68 -6.14866 -1.21572e-07
22.7 -6.06743 -1.16898e-07
22.72 -6.02106 -1.13836e-07
22.74 -6.00374 -1.13552e-07
22.76 -6.01097 -1.16653e-07
22.78 -6.04033 -1.22139e-07
22.8 -6.0896 -1.28628e-07
22.82 -6.15554 -1.36359e-07
22.84 -6.23093 -1.45414e-07
22.86 -6.30396 -1.54171e-07
22.88 -6.36136 -1.61929e-07
22.9 -6.39518 -1.68486e-07
22.92 -6.40534 -1.72602e-07
22.94 -6.39406 -1.74035e-07
22.96 -6.36333 -1.74027e-07
22.98 -6.31485 -1.72038e-07
23 -6.24791 -1.67142e-07
23.02 -6.15978 -1.60882e-07
23.04 -6.04821 -1.54313e-07
23.06 -5.91382 -1.47252e-07
23.08 -5.76098 -1.40548e-07
23.1 -5.59884 -1.34775e-07
23.12 -5.44042 -1.29552e-07
23.14 -5.29519 -1.2553e-07
23.16 -5.16422 -1.2328e-07
23.18 -5.04569 -1.22253e-07
23.2 -4.93866 -1.22214e-07
23.22 -4.84202 -1.22996e-07
23.24 -4.75467 -1.24091e-07
23.26 -4.67578 -1.25328e-07
23.28 -4.60353 -1.26615e-07
23.3 -4.53254 -1.274e-07
23.32 -4.45406 -1.27265e-07
23.34 -4.358 -1.26393e-07
23.36 -4.23594 -1.24907e-07
23.38 -4.08746 -1.22481e-07
23.4 -3.91976 -1.19057e-07
23.42 -3.74202 -1.14809e-07
23.44 -3.56413 -1.09762e-07
23.46 -3.39517 -1.04152e-07
23.48 -3.23977 -9.84143e-08
23.5 -3.09867 -9.2751e-08
23.52 -2.97045 -8.72892e-08
23.54 -2.84947 -8.25357e-08
23.56 -2.72616 -7.8904e-08
23.58 -2.59216 -7.62916e-08
23.6 -2.44944 -7.46423e-08
23.62 -2.312 -7.40348e-08
23.64 -2.19242 -7.41667e-08
23.66 -2.09093 -7.45418e-08
23.68 -1.99843 -7.50894e-08
23.7 -1.9036 -7.57929e-08
23.72 -1.80025 -7.6072e-08
23.74 -1.69257 -7.57542e-08
23.76 -1.58989 -7.50856e-08
23.78 -1.50176 -7.36126e-08
23.8 -1.43825 -7.14218e-08
23.82 -1.40691 -6.91687e-08
23.84 -1.4042 -6.66942e-08
23.86 -1.41468 -6.44422e-08
23.88 -1.41873 -6.3382e-08
23.9 -1.39942 -6.27654e-08
23.92 -1.35304 -6.25664e-08
23.94 -1.28906 -6.43367e-08
23.96 -1.22221 -6.65836e-08
23.98 -1.16727 -6.79639e-08
24 -1.12878 -6.99738e-08
24.02 -1.10019 -7.17818e-08
24.04 -1.07157 -7.23837e-08
24.06 -1.03071 -7.29613e-08
24.08 -0.963696 -7.2822e-08
24.1 -0.856758 -7.10372e-08
24.12 -0.702528 -6.89696e-08
24.14 -0.5103 -6.64103e-08
24.16 -0.30209 -6.19879e-08
24.18 -0.102875 -5.62281e-08
24.2 0.0614658 -4.93182e-08
24.22 0.166691 -4.13672e-08
24.24 0.199209 -3.39001e-08
24.26 0.168287 -2.76962e-08
24.28 0.101035 -2.28098e-08
24.3 0.0287949 -1.99568e-08
24.32 -0.0152497 -2.00769e-08
24.34 0.000919103 -2.31177e-08
24.36 0.0917319 -2.84215e-08
24.38 0.245123 -3.56039e-08
24.4 0.437437 -4.27975e-08
24.42 0.642758 -4.81764e-08
24.44 0.834457 -5.17205e-08
24.46 0.997046 -5.24162e-08
24.48 1.13205 -4.89661e-08
24.5 1.24814 -4.2002e-08
24.52 1.35015 -3.23463e-08
24.54 1.43434 -2.06196e-08
24.56 1.49167 -8.59398e-09
24.58 1.513 2.67898e-09
24.6 1.49413 1.24323e-08
24.62 1.43636 1.88987e-08
24.64 1.33985 2.13573e-08
24.66 1.20279 1.92454e-08
24.68 1.02483 1.19372e-08
24.7 0.809495 4.14253e-10
24.72 0.567955 -1.43107e-08
24.74 0.318223 -3.16605e-08
24.76 0.0771586 -5.01894e-08
24.78 -0.144366 -6.83747e-08
24.8 -0.340875 -8.48165e-08
24.82 -0.509986 -9.79864e-08
24.84 -0.648261 -1.07136e-07
24.86 -0.748049 -1.12014e-07
24.88 -0.80054 -1.12519e-07
24.9 -0.800217 -1.08536e-07
24.92 -0.743632 -1.00646e-07
24.94 -0.633542 -9.01891e-08
24.96 -0.486287 -7.73875e-08
24.98 -0.326403 -6.32861e-08
25 -0.177129 -5.01225e-08
25.02 -0.0553274 -3.85812e-08
25.04 0.0333287 -2.92944e-08
25.06 0.094052 -2.35562e-08
25.08 0.135325 -2.14464e-08
25.1 0.158913 -2.2314e-08
25.12 0.155025 -2.67466e-08
25.14 0.111772 -3.44915e-08
25.16 0.0293884 -4.30472e-08
25.18 -0.079947 -5.24023e-08
25.2 -0.20242 -6.32507e-08
25.22 -0.328384 -7.31902e-08
25.24 -0.452459 -8.11613e-08
25.26 -0.567299 -8.76145e-08
25.28 -0.661819 -9.1601e-08
25.3 -0.727591 -9.27567e-08
25.32 -0.759778 -9.21312e-08
25.34 -0.751013 -8.92982e-08
25.36 -0.694126 -8.41758e-08
25.38 -0.598343 -7.88416e-08
25.4 -0.489627 -7.30059e-08
25.42 -0.395466 -6.60904e-08
25.44 -0.338136 -5.97956e-08
25.46 -0.331253 -5.41577e-08
25.48 -0.374867 -4.92325e-08
25.5 -0.459447 -4.68297e-08
25.52 -0.578342 -4.68479e-08
25.54 -0.733558 -4.88859e-08
25.56 -0.931367 -5.43161e-08
25.58 -1.17854 -6.28498e-08
25.6 -1.48154 -7.33816e-08
25.62 -1.84504 -8.60952e-08
25.64 -2.27021 -1.00576e-07
25.66 -2.75307 -1.16231e-07
25.68 -3.27772 -1.33099e-07
25.7 -3.81161 -1.50536e-07
25.72 -4.31385 -1.67808e-07
25.74 -4.74487 -1.84704e-07
25.76 -5.08747 -2.007e-07
25.78 -5.36005 -2.14747e-07
25.8 -5.59681 -2.25967e-07
25.82 -5.83439 -2.33858e-07
25.84 -6.10521 -2.38189e-07
25.86 -6.42136 -2.3935e-07
25.88 -6.7719 -2.38277e-07
25.9 -7.13661 -2.36347e-07
25.92 -7.49277 -2.34893e-07
25.94 -7.82233 -2.34906e-07
25.96 -8.12622 -2.37381e-07
25.98 -8.42082 -2.42732e-07
26 -8.72744 -2.50784e-07
26.02 -9.07249 -2.61556e-07
26.04 -9.47887 -2.74648e-07
26.06 -9.95601 -2.89575e-07
26.08 -10.5013 -3.0637e-07
26.1 -11.1046 -3.2452e-07
26.12 -11.7536 -3.43405e-07
26.14 -12.436 -3.63084e-07
26.16 -13.1388 -3.83106e-07
26.18 -13.8415 -4.02693e-07
26.2 -14.5175 -4.22065e-07
26.22 -15.1386 -4.411e-07
26.24 -15.6775 -4.58994e-07
26.26 -16.1182 -4.75552e-07
26.28 -16.4609 -4.90133e-07
26.3 -16.7135 -5.01608e-07
26.32 -16.8899 -5.09376e-07
26.34 -17.0076 -5.13122e-07
26.36 -17.081 -5.12556e-07
26.38 -17.1184 -5.07797e-07
26.4 -17.1266 -4.99879e-07
26.42 -17.1138 -4.89358e-07
26.44 -17.0871 -4.76877e-07
26.46 -17.051 -4.64785e-07
26.48 -17.0085 -4.54002e-07
26.5 -16.9637 -4.44112e-07
26.52 -16.9208 -4.36662e-07
26.54 -16.8826 -4.32673e-07
26.56 -16.8473 -4.31522e-07
26.58 -16.8112 -4.32775e-07
26.6 -16.7723 -4.35854e-07
26.62 -16.7317 -4.40278e-07
26.64 -16.692 -4.45357e-07
26.66 -16.6593 -4.49719e-07
26.68 -16.6418 -4.52348e-07
26.7 -16.6482 -4.52647e-07
26.72 -16.6869 -4.50536e-07
26.74 -16.7638 -4.46515e-07
26.76 -16.8782 -4.40869e-07
26.78 -17.0226 -4.34606e-07
26.8 -17.1855 -4.29126e-07
26.82 -17.3544 -4.24325e-07
26.84 -17.5215 -4.20619e-07
26.86 -17.683 -4.19806e-07
26.88 -17.8366 -4.22065e-07
26.9 -17.9789 -4.26657e-07
26.92 -18.1062 -4.33571e-07
26.94 -18.2212 -4.41833e-07
26.96 -18.334 -4.5052e-07
26.98 -18.4543 -4.59331e-07
27 -18.5884 -4.66791e-07
27.02 -18.7386 -4.71918e-07
27.04 -18.9032 -4.74897e-07
27.06 -19.0748 -4.75604e-07
27.08 -19.2435 -4.74304e-07
27.1 -19.4015 -4.71741e-07
27.12 -19.5441 -4.68145e-07
27.14 -19.6721 -4.6414e-07
27.16 -19.7892 -4.60679e-07
27.18 -19.8974 -4.58045e-07
27.2 -19.9949 -4.56619e-07
27.22 -20.079 -4.56676e-07
27.24 -20.1473 -4.57983e-07
27.26 -20.1979 -4.60552e-07
27.28 -20.2317 -4.64004e-07
27.3 -20.252 -4.67626e-07
27.32 -20.261 -4.71302e-07
27.34 -20.2563 -4.73862e-07
27.36 -20.233 -4.74135e-07
27.38 -20.1877 -4.73285e-07
27.4 -20.1172 -4.70856e-07
27.42 -20.018 -4.65054e-07
27.44 -19.8909 -4.57638e-07
27.46 -19.7425 -4.49724e-07
27.48 -19.582 -4.39917e-07
27.5 -19.4187 -4.29376e-07
27.52 -19.2584 -4.19434e-07
27.54 -19.0999 -4.0932e-07
27.56 -18.9395 -4.00158e-07
27.58 -18.7744 -3.9329e-07
27.6 -18.6025 -3.87675e-07
27.62 -18.4209 -3.83072e-07
27.64 -18.2254 -3.79937e-07
27.66 -18.01 -3.77586e-07
27.68 -17.7694 -3.75399e-07
27.7 -17.5022 -3.73067e-07
27.72 -17.2111 -3.69596e-07
27.74 -16.9011 -3.64287e-07
27.76 -16.5782 -3.5725e-07
27.78 -16.2501 -3.48168e-07
27.8 -15.927 -3.36684e-07
27.82 -15.6203 -3.23221e-07
27.84 -15.3387 -3.08654e-07
27.86 -15.0868 -2.938e-07
27.88 -14.8637 -2.7952e-07
27.9 -14.6625 -2.66946e-07
27.92 -14.4728 -2.56802e-07
27.94 -14.2844 -2.49304e-07
27.96 -14.0899 -2.44766e-07
27.98 -13.8838 -2.43084e-07
28 -13.6666 -2.43517e-07
28.02 -13.4435 -2.45418e-07
28.04 -13.2202 -2.47911e-07
28.06 -13.0021 -2.49907e-07
28.08 -12.7953 -2.50624e-07
28.1 -12.6063 -2.49235e-07
28.12 -12.4412 -2.45338e-07
28.14 -12.303 -2.39208e-07
28.16 -12.1884 -2.31215e-07
28.18 -12.0884 -2.21931e-07
28.2 -11.9915 -2.12349e-07
28.22 -11.8856 -2.03391e-07
28.24 -11.7634 -1.95689e-07
28.26 -11.6277 -1.89896e-07
28.28 -11.4866 -1.86257e-07
28.3 -11.3493 -1.84574e-07
28.32 -11.2257 -1.84748e-07
28.34 -11.1221 -1.8643e-07
28.36 -11.037 -1.89029e-07
28.38 -10.9646 -1.92216e-07
28.4 -10.9 -1.95392e-07
28.42 -10.8391 -1.97771e-07
28.44 -10.779 -1.9911e-07
28.46 -10.7184 -1.99156e-07
28.48 -10.6563 -1.97621e-07
28.5 -10.5914 -1.94921e-07
28.52 -10.5208 -1.91335e-07
28.54 -10.4418 -1.8685e-07
28.56 -10.3547 -1.82114e-07
28.58 -10.2639 -1.77404e-07
28.6 -10.173 -1.72694e-07
28.62 -10.0804 -1.68878e-07
28.64 -9.97976 -1.66244e-07
28.66 -9.86356 -1.64074e-07
28.68 -9.72551 -1.62727e-07
28.7 -9.56565 -1.62273e-07
28.72 -9.3902 -1.61624e-07
28.74 -9.20733 -1.60801e-07
28.76 -9.02713 -1.59552e-07
28.78 -8.86091 -1.57026e-07
28.8 -8.71843 -1.53566e-07
28.82 -8.60543 -1.49381e-07
28.84 -8.52314 -1.44413e-07
28.86 -8.46948 -1.39284e-07
28.88 -8.43885 -1.34368e-07
28.9 -8.42351 -1.29816e-07
28.92 -8.41748 -1.26585e-07
28.94 -8.41631 -1.25174e-07
28.96 -8.41516 -1.2513e-07
28.98 -8.40923 -1.26765e-07
29 -8.39523 -1.30318e-07
29.02 -8.37249 -1.3462e-07
29.04 -8.34191 -1.38872e-07
29.06 -8.30466 -1.43209e-07
29.08 -8.26072 -1.46483e-07
29.1 -8.20733 -1.47593e-07
29.12 -8.1402 -1.47404e-07
29.14 -8.0547 -1.45702e-07
29.16 -7.94696 -1.4149e-07
29.18 -7.81671 -1.3538e-07
29.2 -7.66767 -1.27915e-07
29.22 -7.50821 -1.19285e-07
29.24 -7.35004 -1.1029e-07
29.26 -7.20231 -1.01345e-07
29.28 -7.07098 -9.25189e-08
29.3 -6.95849 -8.46859e-08
29.32 -6.86271 -7.8528e-08
29.34 -6.77994 -7.42187e-08
29.36 -6.70822 -7.21269e-08
29.38 -6.64891 -7.19832e-08
29.4 -6.60495 -7.32402e-08
29.42 -6.57659 -7.57688e-08
29.44 -6.55915 -7.89233e-08
29.46 -6.54536 -8.20875e-08
29.48 -6.5287 -8.54615e-08
29.5 -6.5072 -8.79835e-08
29.52 -6.48371 -8.8059e-08
29.54 -6.46255 -8.69023e-08
29.56 -6.44734 -8.50665e-08
29.58 -6.43829 -8.06997e-08
29.6 -6.4325 -7.48266e-08
29.62 -6.42633 -6.92568e-08
29.64 -6.41613 -6.34821e-08
29.66 -6.39941 -5.76725e-08
29.68 -6.37525 -5.23028e-08
29.7 -6.3431 -4.7314e-08
29.72 -6.30175 -4.3157e-08
29.74 -6.2492 -4.00152e-08
29.76 -6.18559 -3.75552e-08
29.78 -6.11567 -3.58636e-08
29.8 -6.04579 -3.47859e-08
29.82 -5.98132 -3.36334e-08
29.84 -5.92726 -3.19428e-08
29.86 -5.88727 -2.92523e-08
29.88 -5.86179 -2.53973e-08
29.9 -5.849 -2.07583e-08
29.92 -5.84657 -1.54235e-08
29.94 -5.85298 -9.15783e-09
29.96 -5.86854 -3.09785e-09
29.98 -5.89404 1.50019e-09
30 -5.92881 5.57199e-09
30.02 -5.97136 8.59875e-09
30.04 -6.01979 9.2133e-09
30.06 -6.07071 9.24468e-09
30.08 -6.11987 9.13628e-09
30.1 -6.16431 7.01919e-09
30.12 -6.20082 3.8601e-09
30.14 -6.22299 8.48065e-10
30.16 -6.22246 -2.22927e-09
30.18 -6.19179 -4.10448e-09
30.2 -6.1271 -4.90889e-09
30.22 -6.03031 -4.9608e-09
30.24 -5.90748 -2.12922e-09
30.26 -5.76747 3.30259e-09
30.28 -5.62177 1.00476e-08
30.3 -5.48094 1.90203e-08
30.32 -5.35118 2.95226e-08
30.34 -5.23499 3.98475e-08
30.36 -5.13364 5.02126e-08
30.38 -5.04892 5.96761e-08
30.4 -4.98438 6.65058e-08
30.42 -4.94339 7.12588e-08
30.44 -4.92542 7.41889e-08
30.46 -4.92583 7.41341e-08
30.48 -4.93779 7.13567e-08
30.5 -4.95273 6.70613e-08
30.52 -4.96173 6.09943e-08
30.54 -4.95809 5.4009e-08
30.56 -4.93741 4.82215e-08
30.58 -4.89709 4.34306e-08
30.6 -4.83803 4.02153e-08
30.62 -4.7638 4.06543e-08
30.64 -4.67843 4.37398e-08
30.66 -4.58489 4.82383e-08
30.68 -4.48408 5.55213e-08
30.7 -4.37679 6.52595e-08
30.72 -4.26582 7.56779e-08
30.74 -4.15524 8.65117e-08
30.76 -4.04879 9.64482e-08
30.78 -3.94833 1.0396e-07
30.8 -3.85376 1.09851e-07
30.82 -3.76487 1.1392e-07
30.84 -3.68308 1.15219e-07
30.86 -3.61167 1.14459e-07
30.88 -3.55464 1.12171e-07
30.9 -3.51613 1.08525e-07
30.92 -3.49907 1.04661e-07
30.94 -3.50306 1.01016e-07
30.96 -3.52522 9.6927e-08
30.98 -3.56217 9.36689e-08
31 -3.61164 9.21974e-08
31.02 -3.67421 9.09936e-08
31.04 -3.75255 9.04668e-08
31.06 -3.84919 9.16606e-08
31.08 -3.96344 9.30949e-08
31.1 -4.08993 9.39397e-08
31.12 -4.22072 9.43993e-08
31.14 -4.34667 9.34006e-08
31.16 -4.45795 9.05835e-08
31.18 -4.54665 8.71456e-08
31.2 -4.61196 8.27555e-08
31.22 -4.65952 7.70262e-08
31.24 -4.69677 7.1344e-08
31.26 -4.73051 6.63305e-08
31.28 -4.7629 6.19289e-08
31.3 -4.79117 5.86721e-08
31.32 -4.81208 5.66908e-08
31.34 -4.82371 5.56731e-08
31.36 -4.82541 5.60811e-08
31.38 -4.81801 5.84174e-08
31.4 -4.80341 6.20776e-08
31.42 -4.78435 6.60288e-08
31.44 -4.7643 7.02858e-08
31.46 -4.74701 7.47762e-08
31.48 -4.73654 7.80234e-08
31.5 -4.73775 7.9572e-08
31.52 -4.7561 8.0376e-08
31.54 -4.796 8.00809e-08
31.56 -4.85884 7.79889e-08
31.58 -4.94191 7.49775e-08
31.6 -5.03812 7.11189e-08
31.62 -5.13916 6.57121e-08
31.64 -5.2397 5.96034e-08
31.66 -5.33716 5.35467e-08
31.68 -5.42953 4.75401e-08
31.7 -5.51449 4.24569e-08
31.72 -5.58938 3.8837e-08
31.74 -5.65303 3.64753e-08
31.76 -5.70754 3.56944e-08
31.78 -5.75683 3.62233e-08
31.8 -5.80394 3.73876e-08
31.82 -5.84991 3.93806e-08
31.84 -5.89513 4.18356e-08
31.86 -5.94078 4.38301e-08
31.88 -5.9888 4.54646e-08
31.9 -6.0409 4.6658e-08
31.92 -6.09818 4.67324e-08
31.94 -6.1617 4.58353e-08
31.96 -6.23291 4.40399e-08
31.98 -6.31341 4.06875e-08
32 -6.40485 3.60229e-08
32.02 -6.50947 3.07544e-08
32.04 -6.63065 2.50415e-08
32.06 -6.77074 1.93818e-08
32.08 -6.92839 1.42156e-08
32.1 -7.09847 9.46003e-09
32.12 -7.27331 5.12744e-09
32.14 -7.44658 1.22846e-09
32.16 -7.61559 -2.56618e-09
32.18 -7.77904 -6.38854e-09
32.2 -7.93544 -9.98564e-09
32.22 -8.08408 -1.34156e-08
32.24 -8.22649 -1.68516e-08
32.26 -8.36575 -1.99741e-08
32.28 -8.50537 -2.27345e-08
32.3 -8.64931 -2.5679e-08
32.32 -8.80157 -2.86881e-08
32.34 -8.96373 -3.16222e-08
32.36 -9.13302 -3.50701e-08
32.38 -9.30475 -3.87927e-08
32.4 -9.47498 -4.24173e-08
32.42 -9.6404 -4.64813e-08
32.44 -9.79805 -5.07467e-08
32.46 -9.94661 -5.47544e-08
32.48 -10.087 -5.88561e-08
32.5 -10.2209 -6.27866e-08
32.52 -10.3501 -6.62398e-08
32.54 -10.4759 -6.96777e-08
32.56 -10.5991 -7.28244e-08
32.58 -10.7198 -7.5071e-08
32.6 -10.8379 -7.68056e-08
32.62 -10.9531 -7.81781e-08
32.64 -11.0656 -7.89057e-08
32.66 -11.1758 -7.96029e-08
32.68 -11.2841 -8.04772e-08
32.7 -11.3921 -8.09807e-08
32.72 -11.5017 -8.16664e-08
32.74 -11.6157 -8.3055e-08
32.76 -11.7363 -8.45986e-08
32.78 -11.8649 -8.64247e-08
32.8 -12.0004 -8.90001e-08
32.82 -12.1405 -9.17886e-08
32.84 -12.2819 -9.4857e-08
32.86 -12.4212 -9.86291e-08
32.88 -12.5548 -1.02385e-07
32.9 -12.68 -1.06145e-07
32.92 -12.7969 -1.10052e-07
32.94 -12.908 -1.13353e-07
32.96 -13.0166 -1.1606e-07
32.98 -13.125 -1.18183e-07
33 -13.2348 -1.19315e-07
33.02 -13.3468 -1.19745e-07
33.04 -13.4606 -1.19972e-07
33.06 -13.5752 -1.19971e-07
33.08 -13.689 -1.19909e-07
33.1 -13.8006 -1.20116e-07
33.12 -13.9084 -1.20395e-07
33.14 -14.0125 -1.20835e-07
33.16 -14.1134 -1.21957e-07
33.18 -14.2118 -1.23635e-07
33.2 -14.3079 -1.256e-07
33.22 -14.401 -1.28046e-07
33.24 -14.4907 -1.30853e-07
33.26 -14.5765 -1.33592e-07
33.28 -14.6588 -1.36019e-07
33.3 -14.739 -1.38079e-07
33.32 -14.8188 -1.39596e-07
33.34 -14.9001 -1.40353e-07
33.36 -14.984 -1.40442e-07
33.38 -15.0708 -1.4019e-07
33.4 -15.1591 -1.39732e-07
33.42 -15.246 -1.39193e-07
33.44 -15.3285 -1.38911e-07
33.46 -15.4048 -1.38887e-07
33.48 -15.4749 -1.3915e-07
33.5 -15.5382 -1.39773e-07
33.52 -15.5925 -1.40579e-07
33.54 -15.6349 -1.41831e-07
33.56 -15.6654 -1.43561e-07
33.58 -15.6866 -1.45117e-07
33.6 -15.7022 -1.46667e-07
33.62 -15.7145 -1.48538e-07
33.64 -15.7251 -1.49445e-07
33.66 -15.7349 -1.49441e-07
33.68 -15.7454 -1.49669e-07
33.7 -15.7584 -1.49006e-07
33.72 -15.7769 -1.48081e-07
33.74 -15.802 -1.47859e-07
33.76 -15.8318 -1.47168e-07
33.78 -15.8635 -1.47005e-07
33.8 -15.8945 -1.47862e-07
33.82 -15.9233 -1.48472e-07
33.84 -15.9491 -1.50066e-07
33.86 -15.9715 -1.53785e-07
33.88 -15.99 -1.57531e-07
33.9 -16.0028 -1.61216e-07
33.92 -16.0079 -1.66368e-07
33.94 -16.0045 -1.71027e-07
33.96 -15.9935 -1.74154e-07
33.98 -15.9757 -1.77486e-07
34 -15.9523 -1.79912e-07
34.02 -15.9231 -1.80019e-07
34.04 -15.8866 -1.79855e-07
34.06 -15.8409 -1.79219e-07
34.08 -15.785 -1.76872e-07
34.1 -15.7196 -1.74358e-07
34.12 -15.6463 -1.71739e-07
34.14 -15.5659 -1.68294e-07
34.16 -15.4795 -1.65258e-07
34.18 -15.3874 -1.62999e-07
34.2 -15.2906 -1.60972e-07
34.22 -15.1915 -1.59625e-07
34.24 -15.094 -1.58779e-07
34.26 -15.0021 -1.58173e-07
34.28 -14.9197 -1.58388e-07
34.3 -14.8497 -1.58665e-07
34.32 -14.7939 -1.58435e-07
34.34 -14.7512 -1.5848e-07
34.36 -14.7193 -1.58273e-07
34.38 -14.6953 -1.57545e-07
34.4 -14.6761 -1.56897e-07
34.42 -14.6576 -1.55873e-07
34.44 -14.6352 -1.54609e-07
34.46 -14.6061 -1.53697e-07
34.48 -14.5688 -1.52885e-07
34.5 -14.5221 -1.51918e-07
34.52 -14.4639 -1.51059e-07
34.54 -14.3912 -1.50031e-07
34.56 -14.3015 -1.4843e-07
34.58 -14.1948 -1.46586e-07
34.6 -14.0742 -1.44467e-07
34.62 -13.9434 -1.4167e-07
34.64 -13.8065 -1.38126e-07
34.66 -13.668 -1.34e-07
34.68 -13.5318 -1.29024e-07
34.7 -13.4019 -1.23251e-07
34.72 -13.2815 -1.17263e-07
34.74 -13.1737 -1.11277e-07
34.76 -13.0812 -1.05532e-07
34.78 -13.0069 -1.00542e-07
34.8 -12.9522 -9.66583e-08
34.82 -12.9163 -9.40795e-08
34.84 -12.897 -9.2502e-08
34.86 -12.8905 -9.18928e-08
34.88 -12.8927 -9.33491e-08
34.9 -12.8983 -9.57315e-08
34.92 -12.9003 -9.77491e-08
34.94 -12.8924 -1.00565e-07
34.96 -12.8698 -1.03486e-07
34.98 -12.8302 -1.05427e-07
35 -12.7734 -1.06496e-07
35.02 -12.7002 -1.05767e-07
35.04 -12.6126 -1.03058e-07
35.06 -12.5137 -9.94677e-08
35.08 -12.407 -9.44053e-08
35.1 -12.2967 -8.70112e-08
35.12 -12.1872 -7.85621e-08
35.14 -12.0827 -7.0042e-08
35.16 -11.9858 -6.18362e-08
35.18 -11.8976 -5.50373e-08
35.2 -11.8181 -4.96063e-08
35.22 -11.7474 -4.49771e-08
35.24 -11.6859 -4.1972e-08
35.26 -11.6345 -4.10703e-08
35.28 -11.5927 -4.17112e-08
35.3 -11.5586 -4.35755e-08
35.32 -11.53 -4.63216e-08
35.34 -11.5033 -4.89533e-08
35.36 -11.475 -5.11632e-08
35.38 -11.4413 -5.30846e-08
35.4 -11.3987 -5.35915e-08
35.42 -11.3441 -5.22705e-08
35.44 -11.2778 -4.98957e-08
35.46 -11.2023 -4.59836e-08
35.48 -11.1214 -4.04015e-08
35.5 -11.0378 -3.42389e-08
35.52 -10.9527 -2.74555e-08
35.54 -10.866 -2.0102e-08
35.56 -10.7778 -1.3285e-08
35.58 -10.6879 -7.03477e-09
35.6 -10.5971 -1.29425e-09
35.62 -10.506 2.81142e-09
35.64 -10.4152 5.51938e-09
35.66 -10.3248 7.63512e-09
35.68 -10.235 8.54227e-09
35.7 -10.1459 8.62849e-09
35.72 -10.0583 8.97744e-09
35.74 -9.9743 9.26113e-09
35.76 -9.8969 9.63024e-09
35.78 -9.828 1.10993e-08
35.8 -9.7669 1.33924e-08
35.82 -9.71096 1.59648e-08
35.84 -9.65713 1.91995e-08
35.86 -9.60207 2.30596e-08
35.88 -9.54303 2.71397e-08
35.9 -9.47871 3.14605e-08
35.92 -9.40892 3.58337e-08
35.94 -9.33369 3.98077e-08
35.96 -9.25329 4.31961e-08
35.98 -9.16871 4.6084e-08
36 -9.08189 4.85018e-08
36.02 -8.9952 5.04348e-08
36.04 -8.91089 5.21411e-08
36.06 -8.83036 5.37842e-08
36.08 -8.75384 5.54726e-08
36.1 -8.68108 5.72785e-08
36.12 -8.61203 5.93317e-08
36.14 -8.54718 6.1693e-08
36.16 -8.4874 6.40733e-08
36.18 -8.43362 6.67095e-08
36.2 -8.38667 6.97607e-08
36.22 -8.34661 7.27063e-08
36.24 -8.31287 7.54275e-08
36.26 -8.28475 7.82494e-08
36.28 -8.26194 8.10314e-08
36.3 -8.24489 8.3234e-08
36.32 -8.23446 8.50186e-08
36.34 -8.23143 8.67681e-08
36.36 -8.2359 8.74702e-08
36.38 -8.24686 8.67559e-08
36.4 -8.26288 8.64497e-08
36.42 -8.28296 8.60798e-08
36.44 -8.30727 8.42715e-08
36.46 -8.33682 8.30107e-08
36.48 -8.37286 8.24409e-08
36.5 -8.41664 8.07147e-08
36.52 -8.46847 7.88721e-08
36.54 -8.52692 7.79325e-08
36.56 -8.58974 7.66025e-08
36.58 -8.65458 7.50217e-08
36.6 -8.71907 7.43863e-08
36.62 -8.78108 7.37355e-08
36.64 -8.83884 7.25278e-08
36.66 -8.89076 7.12249e-08
36.68 -8.93523 6.94335e-08
36.7 -8.97015 6.71693e-08
36.72 -8.99301 6.46799e-08
36.74 -9.00128 6.18957e-08
36.76 -8.99285 5.99445e-08
36.78 -8.96628 5.90171e-08
36.8 -8.92088 5.76549e-08
36.82 -8.85633 5.71354e-08
36.84 -8.77268 5.86935e-08
36.86 -8.67058 6.06761e-08
36.88 -8.55105 6.30102e-08
36.9 -8.4151 6.66921e-08
36.92 -8.26408 7.12845e-08
36.94 -8.10036 7.66229e-08
36.96 -7.9272 8.28349e-08
36.98 -7.74754 8.92126e-08
37 -7.56307 9.54009e-08
37.02 -7.37456 1.01605e-07
37.04 -7.1826 1.07618e-07
37.06 -6.98791 1.131e-07
37.08 -6.79152 1.17682e-07
37.1 -6.59461 1.21366e-07
37.12 -6.39842 1.24598e-07
37.14 -6.20463 1.27532e-07
37.16 -6.01527 1.30367e-07
37.18 -5.83174 1.33409e-07
37.2 -5.65459 1.36472e-07
37.22 -5.48396 1.39499e-07
37.24 -5.31966 1.42913e-07
37.26 -5.16139 1.46638e-07
37.28 -5.00883 1.50355e-07
37.3 -4.86163 1.54289e-07
37.32 -4.71978 1.58513e-07
37.34 -4.58393 1.62425e-07
37.36 -4.45522 1.65885e-07
37.38 -4.33506 1.69096e-07
37.4 -4.225 1.71594e-07
37.42 -4.12665 1.73226e-07
37.44 -4.04151 1.74239e-07
37.46 -3.97043 1.7459e-07
37.48 -3.91314 1.7436e-07
37.5 -3.86891 1.7365e-07
37.52 -3.83686 1.72615e-07
37.54 -3.81549 1.71575e-07
37.56 -3.80225 1.70647e-07
37.58 -3.79422 1.69848e-07
37.6 -3.78887 1.69195e-07
37.62 -3.78486 1.68464e-07
37.64 -3.78227 1.67849e-07
37.66 -3.7818 1.67998e-07
37.68 -3.78425 1.67935e-07
37.7 -3.79055 1.67845e-07
37.72 -3.80189 1.69051e-07
37.74 -3.81978 1.69133e-07
37.76 -3.84582 1.67871e-07
37.78 -3.88119 1.67941e-07
37.8 -3.92584 1.67273e-07
37.82 -3.97892 1.64159e-07
37.84 -4.03988 1.61685e-07
37.86 -4.10862 1.5958e-07
37.88 -4.18518 1.55535e-07
37.9 -4.26965 1.51966e-07
37.92 -4.36158 1.49195e-07
37.94 -4.45943 1.44888e-07
37.96 -4.56104 1.40374e-07
37.98 -4.66422 1.36615e-07
38 -4.76713 1.32195e-07
38.02 -4.86848 1.27896e-07
38.04 -4.96721 1.24692e-07
38.06 -5.06283 1.21501e-07
38.08 -5.15615 1.18595e-07
38.1 -5.24898 1.16547e-07
38.12 -5.34333 1.14496e-07
38.14 -5.44129 1.1208e-07
38.16 -5.5449 1.09689e-07
38.18 -5.65503 1.072e-07
38.2 -5.77026 1.04456e-07
38.22 -5.88772 1.01696e-07
38.24 -6.00429 9.87851e-08
38.26 -6.11662 9.55393e-08
38.28 -6.22193 9.21371e-08
38.3 -6.31969 8.84996e-08
38.32 -6.41156 8.45711e-08
38.34 -6.49981 8.08719e-08
38.36 -6.58631 7.74848e-08
38.38 -6.67216 7.43998e-08
38.4 -6.75791 7.2293e-08
38.42 -6.84402 7.10143e-08
38.44 -6.93103 6.98279e-08
38.46 -7.01998 6.87561e-08
38.48 -7.11222 6.77853e-08
38.5 -7.20921 6.65243e-08
38.52 -7.31241 6.4923e-08
38.54 -7.42301 6.29606e-08
38.56 -7.54144 6.05303e-08
38.58 -7.66764 5.77029e-08
38.6 -7.80143 5.45241e-08
38.62 -7.9426 5.11428e-08
38.64 -8.09042 4.73713e-08
38.66 -8.24221 4.28977e-08
38.68 -8.39352 3.80569e-08
38.7 -8.54031 3.30791e-08
38.72 -8.68002 2.80167e-08
38.74 -8.81096 2.33762e-08
38.76 -8.93111 1.94436e-08
38.78 -9.03786 1.61874e-08
38.8 -9.12937 1.36583e-08
38.82 -9.20562 1.17467e-08
38.84 -9.26751 1.05475e-08
38.86 -9.31607 1.01378e-08
38.88 -9.35253 1.02033e-08
38.9 -9.37811 1.0793e-08
38.92 -9.39379 1.20408e-08
38.94 -9.40023 1.36623e-08
38.96 -9.39791 1.52558e-08
38.98 -9.38726 1.61034e-08
39 -9.36874 1.68984e-08
39.02 -9.34355 1.87988e-08
39.04 -9.31425 1.98549e-08
39.06 -9.28363 2.00353e-08
39.08 -9.25319 2.15347e-08
39.1 -9.22313 2.25181e-08
39.12 -9.19316 2.23519e-08
39.14 -9.16283 2.35612e-08
39.16 -9.13198 2.51086e-08
39.18 -9.10127 2.53288e-08
39.2 -9.07186 2.62345e-08
39.22 -9.04505 2.82437e-08
39.24 -9.02197 3.01086e-08
39.26 -9.00288 3.25768e-08
39.28 -8.98714 3.55587e-08
39.3 -8.97372 3.82788e-08
39.32 -8.96139 4.15476e-08
39.34 -8.94888 4.5017e-08
39.36 -8.93528 4.77205e-08
39.38 -8.92066 5.06091e-08
39.4 -8.90577 5.36309e-08
39.42 -8.89152 5.60829e-08
39.44 -8.87888 5.87439e-08
39.46 -8.86885 6.16628e-08
39.48 -8.86235 6.40651e-08
39.5 -8.86005 6.66099e-08
39.52 -8.86248 6.96498e-08
39.54 -8.87014 7.22048e-08
39.56 -8.88353 7.52165e-08
39.58 -8.90368 7.87348e-08
39.6 -8.93268 8.10479e-08
39.62 -8.97208 8.3095e-08
39.64 -9.02085 8.54832e-08
39.66 -9.07633 8.72028e-08
39.68 -9.13582 8.84057e-08
39.7 -9.19677 8.92109e-08
39.72 -9.25671 8.91688e-08
39.74 -9.31328 8.89712e-08
39.76 -9.36423 8.91316e-08
39.78 -9.40804 8.89565e-08
39.8 -9.44458 8.8587e-08
39.82 -9.47451 8.83666e-08
39.84 -9.49887 8.81171e-08
39.86 -9.51909 8.80473e-08
39.88 -9.53689 8.81891e-08
39.9 -9.55426 8.86472e-08
39.92 -9.57336 8.94248e-08
39.94 -9.59536 9.00089e-08
39.96 -9.62019 9.09852e-08
39.98 -9.64733 9.2405e-08
40 -9.67613 9.28825e-08
40.02 -9.70583 9.2939e-08
40.04 -9.73572 9.3009e-08
40.06 -9.7651 9.19379e-08
40.08 -9.79334 9.01716e-08
40.1 -9.82041 8.81967e-08
40.12 -9.84709 8.54817e-08
40.14 -9.87443 8.25802e-08
40.16 -9.90305 8.00671e-08
40.18 -9.93279 7.74672e-08
40.2 -9.96325 7.4679e-08
40.22 -9.99448 7.20836e-08
40.24 -10.0269 6.98413e-08
40.26 -10.0612 6.79232e-08
40.28 -10.0979 6.58919e-08
40.3 -10.1367 6.37823e-08
40.32 -10.1764 6.21167e-08
40.34 -10.2151 6.04655e-08
40.36 -10.2508 5.85575e-08
40.38 -10.2816 5.6415e-08
40.4 -10.3056 5.34245e-08
40.42 -10.3215 5.02605e-08
40.44 -10.3295 4.71643e-08
40.46 -10.3306 4.31299e-08
40.48 -10.326 3.95775e-08
40.5 -10.3165 3.72689e-08
40.52 -10.3027 3.43089e-08
40.54 -10.2851 3.17656e-08
40.56 -10.2642 3.12285e-08
40.58 -10.2407 3.06492e-08
40.6 -10.2153 2.97471e-08
40.62 -10.1887 3.02086e-08
40.64 -10.1616 3.14757e-08
40.66 -10.1346 3.25103e-08
40.68 -10.1083 3.38617e-08
40.7 -10.0835 3.53338e-08
40.72 -10.0602 3.63486e-08
40.74 -10.0373 3.75667e-08
40.76 -10.0136 3.83007e-08
40.78 -9.98733 3.83514e-08
40.8 -9.957 3.87959e-08
40.82 -9.92098 3.85886e-08
40.84 -9.8778 3.78257e-08
40.86 -9.82609 3.85001e-08
40.88 -9.76463 3.95842e-08
40.9 -9.69254 4.03653e-08
40.92 -9.60926 4.2746e-08
40.94 -9.51429 4.60526e-08
40.96 -9.40718 4.90208e-08
40.98 -9.28747 5.30944e-08
41 -9.15513 5.84747e-08
41.02 -9.01118 6.40703e-08
41.04 -8.85769 7.03862e-08
41.06 -8.6979 7.74308e-08
41.08 -8.53604 8.4213e-08
41.1 -8.37587 9.07427e-08
41.12 -8.2201 9.70735e-08
41.14 -8.07102 1.02507e-07
41.16 -7.93023 1.07014e-07
41.18 -7.79853 1.10993e-07
41.2 -7.67619 1.14339e-07
41.22 -7.56271 1.16977e-07
41.24 -7.45697 1.19026e-07
41.26 -7.3574 1.20568e-07
41.28 -7.262 1.21656e-07
41.3 -7.16862 1.22501e-07
41.32 -7.07514 1.23324e-07
41.34 -6.98008 1.24315e-07
41.36 -6.8839 1.25645e-07
41.38 -6.78845 1.27528e-07
41.4 -6.69558 1.30022e-07
41.42 -6.60671 1.33094e-07
41.44 -6.52276 1.36678e-07
41.46 -6.4442 1.40384e-07
41.48 -6.37127 1.44028e-07
41.5 -6.30411 1.47486e-07
41.52 -6.24288 1.50557e-07
41.54 -6.18773 1.5299e-07
41.56 -6.13877 1.54594e-07
41.58 -6.09608 1.55687e-07
41.6 -6.0596 1.56204e-07
41.62 -6.02903 1.56052e-07
41.64 -6.00397 1.55695e-07
41.66 -5.98395 1.55267e-07
41.68 -5.9685 1.55023e-07
41.7 -5.95719 1.55058e-07
41.72 -5.94987 1.55261e-07
41.74 -5.94715 1.56199e-07
41.76 -5.95014 1.57404e-07
41.78 -5.95999 1.58272e-07
41.8 -5.97773 1.5995e-07
41.82 -6.00421 1.61782e-07
41.84 -6.0398 1.62885e-07
41.86 -6.08415 1.64375e-07
41.88 -6.1365 1.65018e-07
41.9 -6.19603 1.64033e-07
41.92 -6.26177 1.62878e-07
41.94 -6.33257 1.60949e-07
41.96 -6.40722 1.57877e-07
41.98 -6.48451 1.55268e-07
42 -6.56326 1.52586e-07
42.02 -6.64227 1.48942e-07
42.04 -6.72057 1.45929e-07
42.06 -6.79784 1.43476e-07
42.08 -6.87421 1.40737e-07
42.1 -6.95004 1.38658e-07
42.12 -7.02622 1.37371e-07
42.14 -7.10386 1.36343e-07
42.16 -7.18378 1.35781e-07
42.18 -7.26664 1.35626e-07
42.2 -7.35308 1.35387e-07
42.22 -7.44365 1.34937e-07
42.24 -7.53887 1.34363e-07
42.26 -7.63906 1.33306e-07
42.28 -7.74419 1.31421e-07
42.3 -7.85403 1.29141e-07
42.32 -7.96716 1.26506e-07
42.34 -8.0807 1.23065e-07
42.36 -8.1925 1.19212e-07
42.38 -8.3017 1.15392e-07
42.4 -8.40764 1.11639e-07
42.42 -8.50982 1.08126e-07
42.44 -8.60763 1.04908e-07
42.46 -8.70018 1.02236e-07
42.48 -8.78643 1.0023e-07
42.5 -8.86532 9.86622e-08
42.52 -8.93577 9.78067e-08
42.54 -8.9968 9.76362e-08
42.56 -9.04816 9.76131e-08
42.58 -9.09086 9.77576e-08
42.6 -9.1265 9.84592e-08
42.62 -9.15673 9.91457e-08
42.64 -9.18333 9.89737e-08
42.66 -9.20779 9.90086e-08
42.68 -9.23089 9.92132e-08
42.7 -9.25296 9.79798e-08
42.72 -9.27421 9.68044e-08
42.74 -9.29492 9.63423e-08
42.76 -9.31561 9.42292e-08
42.78 -9.33694 9.16335e-08
42.8 -9.35962 9.00564e-08
42.82 -9.38434 8.74073e-08
42.84 -9.41157 8.42518e-08
42.86 -9.44135 8.21064e-08
42.88 -9.47302 7.95309e-08
42.9 -9.50512 7.65503e-08
42.92 -9.53593 7.44849e-08
42.94 -9.5639 7.22808e-08
42.96 -9.58803 6.96081e-08
42.98 -9.60779 6.74685e-08
43 -9.62275 6.45167e-08
43.02 -9.63256 6.08985e-08
43.04 -9.63692 5.816e-08
43.06 -9.63567 5.52895e-08
43.08 -9.62917 5.19161e-08
43.1 -9.61864 4.88023e-08
43.12 -9.60624 4.65362e-08
43.14 -9.59457 4.51049e-08
43.16 -9.58603 4.34444e-08
43.18 -9.58189 4.16641e-08
43.2 -9.58222 4.0564e-08
43.22 -9.58674 3.9641e-08
43.24 -9.59507 3.8072e-08
43.26 -9.60677 3.62951e-08
43.28 -9.62141 3.44087e-08
43.3 -9.6385 3.17915e-08
43.32 -9.65701 2.89189e-08
43.34 -9.67524 2.57678e-08
43.36 -9.69126 2.19881e-08
43.38 -9.7039 1.78459e-08
43.4 -9.71319 1.318e-08
43.42 -9.71979 8.47845e-09
43.44 -9.72443 4.39711e-09
43.46 -9.72796 2.51367e-10
43.48 -9.73112 -3.93484e-09
43.5 -9.73425 -7.28116e-09
43.52 -9.73735 -1.01956e-08
43.54 -9.74028 -1.3233e-08
43.56 -9.74287 -1.59803e-08
43.58 -9.74498 -1.85498e-08
43.6 -9.7467 -2.14648e-08
43.62 -9.74829 -2.44838e-08
43.64 -9.75007 -2.77035e-08
43.66 -9.7521 -3.14839e-08
43.68 -9.75406 -3.55202e-08
43.7 -9.75545 -3.97657e-08
43.72 -9.75571 -4.43534e-08
43.74 -9.75431 -4.83888e-08
43.76 -9.75097 -5.19166e-08
43.78 -9.74565 -5.6148e-08
43.8 -9.73848 -5.98772e-08
43.82 -9.7296 -6.23894e-08
43.84 -9.71921 -6.54466e-08
43.86 -9.70733 -6.80892e-08
43.88 -9.69353 -6.8573e-08
43.9 -9.67687 -6.96211e-08
43.92 -9.65628 -7.11904e-08
43.94 -9.63078 -7.02458e-08
43.96 -9.59989 -6.98914e-08
43.98 -9.56363 -7.13443e-08
44 -9.52222 -7.127e-08
44.02 -9.4765 -7.10928e-08
44.04 -9.42798 -7.22756e-08
44.06 -9.37841 -7.22522e-08
44.08 -9.32951 -7.16406e-08
44.1 -9.28245 -7.22209e-08
44.12 -9.2376 -7.17154e-08
44.14 -9.19503 -7.00161e-08
44.16 -9.15475 -6.90701e-08
44.18 -9.11691 -6.78516e-08
44.2 -9.08203 -6.60456e-08
44.22 -9.05077 -6.47449e-08
44.24 -9.0235 -6.33037e-08
44.26 -9.00025 -6.15415e-08
44.28 -8.98092 -6.01594e-08
44.3 -8.96539 -5.88125e-08
44.32 -8.95362 -5.7518e-08
44.34 -8.94598 -5.65727e-08
44.36 -8.94325 -5.56573e-08
44.38 -8.94631 -5.52855e-08
44.4 -8.9559 -5.56507e-08
44.42 -8.97223 -5.526e-08
44.44 -8.99518 -5.50077e-08
44.46 -9.02456 -5.59476e-08
44.48 -9.0601 -5.58212e-08
44.5 -9.10152 -5.54981e-08
44.52 -9.14857 -5.69447e-08
44.54 -9.20097 -5.78469e-08
44.56 -9.25847 -5.81895e-08
44.58 -9.3208 -6.01099e-08
44.6 -9.38771 -6.17032e-08
44.62 -9.4587 -6.22638e-08
44.64 -9.53283 -6.39212e-08
44.66 -9.60901 -6.59405e-08
44.68 -9.68653 -6.75029e-08
44.7 -9.76515 -6.98896e-08
44.72 -9.8448 -7.25966e-08
44.74 -9.9255 -7.4749e-08
44.76 -10.0072 -7.70765e-08
44.78 -10.0895 -7.94541e-08
44.8 -10.1719 -8.13898e-08
44.82 -10.2538 -8.33151e-08
44.84 -10.3352 -8.53424e-08
44.86 -10.4161 -8.72937e-08
44.88 -10.4962 -8.93443e-08
44.9 -10.5755 -9.13844e-08
44.92 -10.6534 -9.32432e-08
44.94 -10.7291 -9.49797e-08
44.96 -10.8021 -9.64901e-08
44.98 -10.8719 -9.78411e-08
45 -10.9384 -9.92052e-08
45.02 -11.0013 -1.00432e-07
45.04 -11.0602 -1.017e-07
45.06 -11.1145 -1.03177e-07
45.08 -11.1634 -1.04451e-07
45.1 -11.2057 -1.05698e-07
45.12 -11.2407 -1.06928e-07
45.14 -11.2674 -1.08001e-07
45.16 -11.2847 -1.09571e-07
45.18 -11.2921 -1.11159e-07
45.2 -11.2895 -1.11814e-07
45.22 -11.2782 -1.12142e-07
45.24 -11.2599 -1.12721e-07
45.26 -11.2361 -1.12586e-07
45.28 -11.2078 -1.11338e-07
45.3 -11.1754 -1.09819e-07
45.32 -11.1395 -1.08256e-07
45.34 -11.1002 -1.06243e-07
45.36 -11.0578 -1.03351e-07
45.38 -11.0126 -1.00281e-07
45.4 -10.9648 -9.75269e-08
45.42 -10.9147 -9.45902e-08
45.44 -10.8624 -9.21541e-08
45.46 -10.8084 -9.0679e-08
45.48 -10.7532 -8.91805e-08
45.5 -10.6972 -8.748e-08
45.52 -10.6416 -8.63065e-08
45.54 -10.5878 -8.51809e-08
45.56 -10.537 -8.35818e-08
45.58 -10.4903 -8.18528e-08
45.6 -10.448 -7.97379e-08
45.62 -10.4102 -7.72397e-08
45.64 -10.3772 -7.49796e-08
45.66 -10.3495 -7.2416e-08
45.68 -10.3284 -6.91874e-08
45.7 -10.3143 -6.63729e-08
45.72 -10.3065 -6.3785e-08
45.74 -10.3039 -6.07378e-08
45.76 -10.3052 -5.86762e-08
45.78 -10.309 -5.80136e-08
45.8 -10.3149 -5.70345e-08
45.82 -10.3228 -5.65733e-08
45.84 -10.3325 -5.77366e-08
45.86 -10.3437 -5.88399e-08
45.88 -10.3556 -5.98052e-08
45.9 -10.3673 -6.14434e-08
45.92 -10.3782 -6.29023e-08
45.94 -10.3881 -6.39408e-08
45.96 -10.3967 -6.49902e-08
45.98 -10.4037 -6.55115e-08
46 -10.4081 -6.5309e-08
46.02 -10.4076 -6.46629e-08
46.04 -10.4004 -6.34301e-08
46.06 -10.3861 -6.22416e-08
46.08 -10.3646 -6.12044e-08
46.1 -10.336 -5.96042e-08
46.12 -10.3008 -5.80533e-08
46.14 -10.2599 -5.70839e-08
46.16 -10.214 -5.61113e-08
46.18 -10.1636 -5.54695e-08
46.2 -10.109 -5.51137e-08
46.22 -10.0504 -5.39804e-08
46.24 -9.9882 -5.27952e-08
46.26 -9.92292 -5.22362e-08
46.28 -9.85604 -5.12087e-08
46.3 -9.78945 -4.93635e-08
46.32 -9.72509 -4.73737e-08
46.34 -9.66498 -4.50516e-08
46.36 -9.61108 -4.23361e-08
46.38 -9.56455 -3.97958e-08
46.4 -9.52486 -3.69771e-08
46.42 -9.49045 -3.38223e-08
46.44 -9.45951 -3.10811e-08
46.46 -9.43009 -2.88375e-08
46.48 -9.40032 -2.72539e-08
46.5 -9.36893 -2.62485e-08
46.52 -9.33537 -2.5527e-08
46.54 -9.29936 -2.56256e-08
46.56 -9.26068 -2.59744e-08
46.58 -9.21921 -2.53505e-08
46.6 -9.17483 -2.46886e-08
46.62 -9.12741 -2.41501e-08
46.64 -9.07682 -2.22438e-08
46.66 -9.02325 -1.98057e-08
46.68 -8.96744 -1.75767e-08
46.7 -8.91056 -1.42025e-08
46.72 -8.85386 -9.97228e-09
46.74 -8.79854 -6.06562e-09
46.76 -8.74531 -1.70224e-09
46.78 -8.6945 3.2717e-09
46.8 -8.64632 7.48571e-09
46.82 -8.601 1.10616e-08
46.84 -8.55911 1.4409e-08
46.86 -8.52157 1.67461e-08
46.88 -8.48935 1.81572e-08
46.9 -8.46344 1.95387e-08
46.92 -8.44457 2.06216e-08
46.94 -8.43305 2.12367e-08
46.96 -8.42904 2.23465e-08
46.98 -8.43264 2.35569e-08
47 -8.44393 2.42861e-08
47.02 -8.46277 2.55623e-08
47.04 -8.48875 2.70685e-08
47.06 -8.52134 2.79112e-08
47.08 -8.55999 2.91225e-08
47.1 -8.6041 3.05634e-08
47.12 -8.65307 3.12148e-08
47.14 -8.70628 3.19207e-08
47.16 -8.76306 3.25284e-08
47.18 -8.82272 3.20592e-08
47.2 -8.88461 3.12783e-08
47.22 -8.94811 3.0605e-08
47.24 -9.01272 2.93194e-08
47.26 -9.07804 2.7676e-08
47.28 -9.1437 2.61438e-08
47.3 -9.20935 2.43054e-08
47.32 -9.27465 2.23917e-08
47.34 -9.33927 2.09265e-08
47.36 -9.40307 1.96473e-08
47.38 -9.46628 1.84706e-08
47.4 -9.52926 1.76663e-08
47.42 -9.5924 1.70712e-08
47.44 -9.65567 1.65876e-08
47.46 -9.71843 1.63391e-08
47.48 -9.77978 1.60421e-08
47.5 -9.83878 1.555e-08
47.52 -9.89444 1.5089e-08
47.54 -9.94587 1.44629e-08
47.56 -9.99275 1.35278e-08
47.58 -10.0353 1.25975e-08
47.6 -10.074 1.16065e-08
47.62 -10.1094 1.07197e-08
47.64 -10.1424 9.93554e-09
47.66 -10.1741 8.45824e-09
47.68 -10.2057 7.05594e-09
47.7 -10.2378 6.54551e-09
47.72 -10.271 5.68538e-09
47.74 -10.3064 4.6615e-09
47.76 -10.3454 4.16544e-09
47.78 -10.3898 2.9322e-09
47.8 -10.4408 1.38522e-09
47.82 -10.4983 3.70352e-10
47.84 -10.561 -1.53137e-09
47.86 -10.6275 -4.04588e-09
47.88 -10.6963 -6.12077e-09
47.9 -10.7656 -8.8398e-09
47.92 -10.834 -1.22209e-08
47.94 -10.9003 -1.50965e-08
47.96 -10.9635 -1.81718e-08
47.98 -11.0232 -2.17119e-08
48 -11.0782 -2.45957e-08
48.02 -11.1275 -2.71201e-08
48.04 -11.1699 -2.97986e-08
48.06 -11.2053 -3.16689e-08
48.08 -11.2333 -3.3014e-08
48.1 -11.2541 -3.52873e-08
48.12 -11.2674 -3.69934e-08
48.14 -11.2734 -3.74718e-08
48.16 -11.2721 -3.83653e-08
48.18 -11.2636 -3.88836e-08
48.2 -11.2481 -3.86897e-08
48.22 -11.2262 -3.86638e-08
48.24 -11.1981 -3.84793e-08
48.26 -11.1642 -3.81905e-08
48.28 -11.1246 -3.81117e-08
48.3 -11.0792 -3.7629e-08
48.32 -11.0279 -3.6834e-08
48.34 -10.9706 -3.62394e-08
48.36 -10.9077 -3.52177e-08
48.38 -10.8395 -3.39999e-08
48.4 -10.7669 -3.32456e-08
48.42 -10.6903 -3.2404e-08
48.44 -10.6102 -3.10979e-08
48.46 -10.5267 -2.96529e-08
48.48 -10.4399 -2.78696e-08
48.5 -10.35 -2.53959e-08
48.52 -10.2569 -2.28521e-08
48.54 -10.1608 -2.03805e-08
48.56 -10.062 -1.74419e-08
48.58 -9.96102 -1.42905e-08
48.6 -9.85828 -1.12434e-08
48.62 -9.75439 -8.08281e-09
48.64 -9.65 -5.08865e-09
48.66 -9.54587 -2.64405e-09
48.68 -9.44275 -4.27375e-10
48.7 -9.3414 1.72257e-09
48.72 -9.24255 3.60289e-09
48.74 -9.14647 5.29652e-09
48.76 -9.05285 6.80473e-09
48.78 -8.96113 8.01039e-09
48.8 -8.87073 9.21224e-09
48.82 -8.78128 1.05263e-08
48.84 -8.69309 1.18524e-08
48.86 -8.6069 1.33722e-08
48.88 -8.52321 1.50502e-08
48.9 -8.44204 1.673e-08
48.92 -8.36318 1.86603e-08
48.94 -8.28636 2.0926e-08
48.96 -8.21128 2.30707e-08
48.98 -8.13771 2.49591e-08
49 -8.06574 2.67309e-08
49.02 -7.9957 2.82456e-08
49.04 -7.92799 2.9568e-08
49.06 -7.86294 3.06955e-08
49.08 -7.80043 3.14743e-08
49.1 -7.73983 3.2148e-08
49.12 -7.68031 3.28229e-08
49.14 -7.62102 3.3398e-08
49.16 -7.56132 3.41773e-08
49.18 -7.50109 3.51803e-08
49.2 -7.44056 3.61445e-08
49.22 -7.37992 3.7403e-08
49.24 -7.31906 3.8927e-08
49.26 -7.25773 4.03909e-08
49.28 -7.19562 4.1948e-08
49.3 -7.13264 4.35902e-08
49.32 -7.06894 4.5157e-08
49.34 -7.00477 4.66841e-08
49.36 -6.94003 4.81678e-08
49.38 -6.8742 4.9567e-08
49.4 -6.80661 5.10505e-08
49.42 -6.73688 5.264e-08
49.44 -6.66509 5.40833e-08
49.46 -6.59156 5.53675e-08
49.48 -6.51667 5.6777e-08
49.5 -6.44087 5.83993e-08
49.52 -6.3646 6.016e-08
49.54 -6.2882 6.21352e-08
49.56 -6.21186 6.4408e-08
49.58 -6.13566 6.67402e-08
49.6 -6.06024 6.88383e-08
49.62 -5.98714 7.07819e-08
49.64 -5.91831 7.2637e-08
49.66 -5.85515 7.43092e-08
49.68 -5.79824 7.5816e-08
49.7 -5.74777 7.72629e-08
49.72 -5.70383 7.85407e-08
49.74 -5.66643 7.96508e-08
49.76 -5.63559 8.07596e-08
49.78 -5.61119 8.14856e-08
49.8 -5.59265 8.197e-08
49.82 -5.57889 8.30002e-08
49.84 -5.56876 8.38208e-08
49.86 -5.56131 8.44709e-08
49.88 -5.55614 8.62886e-08
49.9 -5.55323 8.78719e-08
49.92 -5.5527 8.86881e-08
49.94 -5.55466 9.00546e-08
49.96 -5.55898 9.10828e-08
49.98 -5.56486 9.14731e-08
50 -5.57118 9.25583e-08
50.02 -5.57671 9.34309e-08
50.04 -5.58037 9.2941e-08
50.06 -5.58181 9.33245e-08
50.08 -5.58157 9.46734e-08
50.1 -5.58049 9.50438e-08
50.12 -5.57929 9.54272e-08
50.14 -5.57825 9.66309e-08
50.16 -5.57731 9.77547e-08
50.18 -5.57627 9.86399e-08
50.2 -5.57491 1.0006e-07
50.22 -5.57301 1.01467e-07
50.24 -5.57032 1.02617e-07
50.26 -5.56674 1.04246e-07
50.28 -5.56238 1.05841e-07
50.3 -5.55752 1.07128e-07
50.32 -5.55248 1.0853e-07
50.34 -5.54759 1.09709e-07
50.36 -5.54313 1.10548e-07
50.38 -5.53928 1.11788e-07
50.4 -5.53609 1.13356e-07
50.42 -5.5336 1.14626e-07
50.44 -5.53207 1.16058e-07
50.46 -5.53214 1.17551e-07
50.48 -5.53461 1.18471e-07
50.5 -5.54035 1.20017e-07
50.52 -5.55024 1.21929e-07
50.54 -5.56502 1.22814e-07
50.56 -5.58477 1.2384e-07
50.58 -5.60869 1.25302e-07
50.6 -5.63566 1.25482e-07
50.62 -5.66446 1.24991e-07
50.64 -5.69381 1.25096e-07
50.66 -5.72276 1.242e-07
50.68 -5.75165 1.22457e-07
50.7 -5.78201 1.21508e-07
50.72 -5.81578 1.20359e-07
50.74 -5.85445 1.18554e-07
50.76 -5.89748 1.1697e-07
50.78 -5.94226 1.15529e-07
50.8 -5.98559 1.14009e-07
50.82 -6.02536 1.12632e-07
50.84 -6.06332 1.11172e-07
50.86 -6.1045 1.0934e-07
50.88 -6.1546 1.0749e-07
50.9 -6.21737 1.05894e-07
50.92 -6.29129 1.04253e-07
50.94 -6.37218 1.02306e-07
50.96 -6.45792 1.0014e-07
50.98 -6.54809 9.76338e-08
51 -6.64149 9.4589e-08
51.02 -6.73385 9.12681e-08
51.04 -6.81818 8.76115e-08
51.06 -6.8896 8.35354e-08
51.08 -6.95066 7.95983e-08
51.1 -7.0096 7.5955e-08
51.12 -7.07295 7.26436e-08
51.14 -7.14147 6.99144e-08
51.16 -7.21227 6.76028e-08
51.18 -7.28149 6.56436e-08
51.2 -7.34509 6.43358e-08
51.22 -7.40215 6.34246e-08
51.24 -7.45694 6.25565e-08
51.26 -7.51542 6.18956e-08
51.28 -7.58022 6.10773e-08
51.3 -7.64908 5.97468e-08
51.32 -7.71921 5.80459e-08
51.34 -7.79128 5.59145e-08
51.36 -7.86742 5.33772e-08
51.38 -7.94779 5.04486e-08
51.4 -8.03052 4.71936e-08
51.42 -8.1138 4.37305e-08
51.44 -8.19679 4.00842e-08
51.46 -8.2788 3.64098e-08
51.48 -8.35852 3.26251e-08
51.5 -8.43416 2.88718e-08
51.52 -8.50441 2.55735e-08
51.54 -8.56985 2.28113e-08
51.56 -8.63266 2.06765e-08
51.58 -8.6953 1.90638e-08
51.6 -8.76051 1.76918e-08
51.62 -8.82991 1.65358e-08
51.64 -8.901 1.55205e-08
51.66 -8.96796 1.43869e-08
51.68 -9.02685 1.28502e-08
51.7 -9.07802 1.1091e-08
51.72 -9.12396 9.32482e-09
51.74 -9.16769 7.34763e-09
51.76 -9.21201 5.23859e-09
51.78 -9.25771 3.1324e-09
51.8 -9.30373 8.36754e-10
51.82 -9.34899 -1.54704e-09
51.84 -9.39325 -3.71743e-09
51.86 -9.43696 -5.85846e-09
51.88 -9.48077 -8.05712e-09
51.9 -9.52504 -1.00159e-08
51.92 -9.56946 -1.17839e-08
51.94 -9.6133 -1.35019e-08
51.96 -9.65563 -1.51097e-08
51.98 -9.69508 -1.6621e-08
52 -9.72983 -1.81191e-08
52.02 -9.75825 -1.99277e-08
52.04 -9.7802 -2.23193e-08
52.06 -9.79724 -2.46982e-08
52.08 -9.81155 -2.67556e-08
52.1 -9.82548 -2.93392e-08
52.12 -9.84095 -3.1806e-08
52.14 -9.85782 -3.3288e-08
52.16 -9.87372 -3.54829e-08
52.18 -9.8856 -3.87244e-08
52.2 -9.89138 -4.15028e-08
52.22 -9.89202 -4.45215e-08
52.24 -9.89099 -4.8014e-08
52.26 -9.89143 -5.08682e-08
52.28 -9.89435 -5.40867e-08
52.3 -9.89912 -5.71059e-08
52.32 -9.90501 -5.89444e-08
52.34 -9.91266 -6.17931e-08
52.36 -9.92393 -6.55133e-08
52.38 -9.94002 -6.84569e-08
52.4 -9.96115 -7.16475e-08
52.42 -9.98725 -7.56852e-08
52.44 -10.0181 -7.97674e-08
52.46 -10.0533 -8.40754e-08
52.48 -10.0919 -8.89461e-08
52.5 -10.1325 -9.41239e-08
52.52 -10.1738 -9.91918e-08
52.54 -10.214 -1.04202e-07
52.56 -10.2511 -1.09865e-07
52.58 -10.2834 -1.15906e-07
52.6 -10.3106 -1.21682e-07
52.62 -10.3333 -1.27465e-07
52.64 -10.3517 -1.3327e-07
52.66 -10.3659 -1.38651e-07
52.68 -10.3761 -1.43279e-07
52.7 -10.384 -1.47501e-07
52.72 -10.3917 -1.52114e-07
52.74 -10.4018 -1.56191e-07
52.76 -10.4165 -1.5983e-07
52.78 -10.4371 -1.64765e-07
52.8 -10.4636 -1.69865e-07
52.82 -10.4953 -1.74192e-07
52.84 -10.5315 -1.79334e-07
52.86 -10.5724 -1.85284e-07
52.88 -10.6182 -1.90989e-07
52.9 -10.6687 -1.97685e-07
52.92 -10.7226 -2.0554e-07
52.94 -10.7781 -2.12949e-07
52.96 -10.8335 -2.20349e-07
52.98 -10.888 -2.28059e-07
53 -10.9417 -2.35315e-07
53.02 -10.9945 -2.42455e-07
53.04 -11.0455 -2.49515e-07
53.06 -11.0935 -2.55753e-07
53.08 -11.1372 -2.61453e-07
53.1 -11.1757 -2.66965e-07
53.12 -11.209 -2.72013e-07
53.14 -11.2385 -2.76806e-07
53.16 -11.2655 -2.8166e-07
53.18 -11.2909 -2.86292e-07
53.2 -11.3142 -2.90895e-07
53.22 -11.3346 -2.96129e-07
53.24 -11.3512 -3.01261e-07
53.26 -11.3633 -3.06323e-07
53.28 -11.3712 -3.12357e-07
53.3 -11.375 -3.18486e-07
53.32 -11.3749 -3.23818e-07
53.34 -11.3698 -3.29078e-07
53.36 -11.3584 -3.34844e-07
53.38 -11.3389 -3.39798e-07
53.4 -11.3102 -3.43499e-07
53.42 -11.2721 -3.47238e-07
53.44 -11.225 -3.50589e-07
53.46 -11.1702 -3.52883e-07
53.48 -11.1094 -3.54816e-07
53.5 -11.0445 -3.56583e-07
53.52 -10.9773 -3.57786e-07
53.54 -10.9084 -3.58695e-07
53.56 -10.838 -3.59647e-07
53.58 -10.7654 -3.60713e-07
53.6 -10.6903 -3.62028e-07
53.62 -10.612 -3.63256e-07
53.64 -10.53 -3.64211e-07
53.66 -10.444 -3.65361e-07
53.68 -10.3546 -3.66671e-07
53.7 -10.263 -3.67888e-07
53.72 -10.1704 -3.69186e-07
53.74 -10.0779 -3.70311e-07
53.76 -9.98669 -3.70991e-07
