0.1 0 0
0.2 0 0
0.3 0 0
0.4 0 0
0.5 0 0
0.6 0 0
0.7 0 0
0.8 0 0
0.9 0 0
1 0 0
0.02 19.4111 2.41849e-06
0.04 17.763 -1.13777e-06
0.06 15.1011 -2.14144e-06
0.08 16.1126 7.32347e-06
0.1 20.2995 -2.78247e-06
0.12 23.8564 -2.21193e-06
0.14 20.8978 5.35459e-06
0.16 17.318 -1.09566e-06
0.18 12.5143 -1.88589e-06
0.2 12.2835 3.4162e-06
0.22 20.2882 8.85582e-07
0.24 28.0225 -3.13205e-06
0.26 30.6998 3.26591e-06
0.28 24.4205 -1.04366e-06
0.3 20.7143 -1.60234e-07
0.32 13.8822 2.18503e-06
0.34 8.95752 4.65519e-07
0.36 1.60521 -9.63902e-07
0.38 5.87553 1.36444e-07
0.4 17.4385 3.82894e-07
0.42 27.7439 -7.53721e-07
0.44 28.2763 -3.85358e-07
0.46 4.41205 1.85455e-06
0.48 -12.9122 -2.49714e-07
0.5 -32.5952 -6.9001e-07
0.52 2.09879 -1.0218e-07
0.54 16.2499 -3.8974e-07
0.56 18.8373 -5.29673e-07
0.58 29.1168 2.73342e-07
0.6 38.7767 1.6604e-08
0.62 49.7327 -2.13783e-07
0.64 45.4366 1.3432e-06
0.66 20.5186 -5.81951e-07
0.68 24.6242 1.111e-06
0.7 18.0886 4.62585e-07
0.72 17.9392 2.33588e-07
0.74 0.162673 3.29071e-06
0.76 -16.3707 -3.62615e-07
0.78 -38.5451 1.08091e-06
0.8 -53.2525 1.17314e-07
0.82 -55.1572 -1.11166e-06
0.84 -69.1894 -1.69347e-06
0.86 -90.5186 -1.0668e-07
0.88 -94.3772 -3.59631e-06
0.9 -79.7362 -3.58777e-06
0.92 -67.2082 -2.96668e-06
0.94 -50.1199 -2.63139e-06
0.96 -42.7453 -1.35779e-06
0.98 -60.6308 -6.54495e-06
1 -72.3505 2.18981e-06
1.02 -92.5158 1.18213e-06
1.04 -110.466 -1.05929e-05
1.06 -125.014 5.76456e-06
1.08 -108.579 -4.8484e-07
1.1 -96.7473 -4.73809e-06
1.12 -59.3341 -5.03608e-07
1.14 -58.2395 4.9841e-07
1.16 3.40299 -5.94777e-06
1.18 107.399 -2.69718e-06
1.2 153.946 3.18002e-06
1.22 117.935 -4.38878e-06
1.24 94.8737 1.07861e-06
1.26 50.7995 4.61806e-06
1.28 15.5855 4.76052e-06
1.3 -19.4089 5.81105e-06
1.32 -50.3178 7.12702e-06
1.34 -83.7278 3.15912e-06
1.36 -120.269 2.79294e-06
1.38 -169.035 2.86643e-06
1.4 -206.459 -2.30437e-06
1.42 -257.936 -5.29664e-06
1.44 -239.049 -7.93436e-06
1.46 -182.425 -1.03986e-05
1.48 -138.517 -1.48581e-05
1.5 -128.59 -1.70575e-05
1.52 -132.36 -3.00618e-05
1.54 -113.947 4.95754e-05
1.56 -122.902 -9.94992e-05
1.58 -137.22 0.000128689
1.6 -174.003 -0.000159233
1.62 -12.2468 0.000162552
1.64 312.872 -0.000178826
1.66 412.757 0.000176306
1.68 391.013 -0.000172231
1.7 391.171 0.000197226
1.72 345.869 -0.000159364
1.74 323.517 0.000210728
1.76 321.234 -0.000153815
1.78 315.308 0.000203611
1.8 319.934 -0.00015811
1.82 282.089 0.000195064
1.84 226.514 -0.000181643
1.86 175.65 0.000193961
1.88 117.124 -0.000189489
1.9 51.0782 0.000181006
1.92 -23.5965 -0.00019346
1.94 -90.7134 0.000183748
1.96 -165.825 -0.000203927
1.98 -229.722 0.000177592
2 -304.727 -0.000205463
2.02 -363.604 0.000170108
2.04 -437.982 -0.000203878
2.06 -487.03 0.000178162
2.08 -533.945 -0.000199208
2.1 -552.965 0.000183008
2.12 -582.078 -0.000196171
2.14 -463.84 0.000175629
2.16 -364.984 -0.000199546
2.18 273.845 0.000172016
2.2 478.877 -0.00019437
2.22 339.201 0.000179787
2.24 374.099 -0.000171022
2.26 228.985 0.000179729
2.28 162.104 -0.000150747
2.3 55.054 0.000179748
2.32 2.68429 -0.00014711
2.34 -72.9216 0.000187741
2.36 -136.69 -0.000136424
2.38 -186.997 0.000199899
2.4 -286.132 -0.000119487
2.42 -67.6975 0.000207071
2.44 509.133 -0.000143823
2.46 305.627 0.000162965
2.48 332.546 -0.000208546
2.5 196.798 9.46002e-05
2.52 115.767 -0.000243861
2.54 -32.7513 9.80588e-05
2.56 130.821 -0.000204556
2.58 363.678 0.000147845
2.6 296.155 -0.000145664
2.62 299.291 0.00019483
2.64 256.298 -0.000115589
2.66 206.728 0.000192038
2.68 161.143 -0.00010942
2.7 113.941 0.000185995
2.72 70.6826 -0.000123951
2.74 24.0449 0.000194098
2.76 -17.1258 -0.000118886
2.78 -58.5193 0.000177014
2.8 -6.5773 -0.000139252
2.82 54.4807 0.000142126
2.84 125.961 -0.000193899
2.86 143.908 0.000101791
2.88 98.8679 -0.000209396
2.9 76.1584 9.78564e-05
2.92 27.2694 -0.000185498
2.94 -13.8375 0.000132724
2.96 -66.2262 -0.000143718
2.98 -107.328 0.000165698
3 -150.805 -0.000122626
3.02 -9.56395 0.000174306
3.04 40.1235 -0.000116929
3.06 -20.3863 0.000166998
3.08 -29.1752 -0.000115227
3.1 -88.7014 0.000165625
3.12 -126.379 -0.000120824
3.14 -181.176 0.000151182
3.16 -222.061 -0.000139951
3.18 -259.736 0.000120619
3.2 -49.7743 -0.000170032
3.22 -52.8488 9.41872e-05
3.24 -131.423 -0.000180653
3.26 -129.613 9.31374e-05
3.28 -240.864 -0.000163218
3.3 -241.949 0.000109459
3.32 -360.956 -0.000130833
3.34 178.899 0.00013372
3.36 243.784 -0.000123358
3.38 128.102 0.000154143
3.4 99.9386 -0.000105844
3.42 -13.1513 0.0001496
3.44 -120.961 -9.61396e-05
3.46 194.554 0.000154833
3.48 266.521 -0.000106547
3.5 186.048 0.000145761
3.52 198.587 -0.000109781
3.54 123.667 0.000114406
3.56 84.5285 -0.000125944
3.58 21.4794 0.00010051
3.6 5.05053 -0.000145843
3.62 103.365 9.70326e-05
3.64 38.6173 -0.000131972
3.66 40.2391 9.89155e-05
3.68 -1.41425 -0.000121617
3.7 -24.0368 0.00011683
3.72 -74.2285 -0.000112195
3.74 -107.013 0.000123618
3.76 -126.539 -9.99579e-05
3.78 -54.7292 0.000121029
3.8 -8.10296 -9.57441e-05
3.82 30.2793 0.000122522
3.84 -28.083 -9.77647e-05
3.86 -51.6448 0.000115382
3.88 -114.762 -0.000105194
3.9 -159.33 0.000101222
3.92 -225.19 -0.000118725
3.94 -269.564 8.96862e-05
3.96 -311.276 -0.000122335
3.98 -68.421 7.86489e-05
4 3.18888 -0.000120325
4.02 -38.162 8.70387e-05
4.04 -43.6007 -0.000114803
4.06 19.7374 9.5039e-05
4.08 35.8975 -9.84321e-05
4.1 -16.8559 0.000103914
4.12 -27.8476 -8.96555e-05
4.14 -80.0393 0.000113491
4.16 -104.977 -8.26354e-05
4.18 -158.94 0.000111975
4.2 -186.721 -8.12079e-05
4.22 -241.019 0.000103396
4.24 -269.13 -9.44441e-05
4.26 -321.293 9.17382e-05
4.28 -299.394 -0.000110642
4.3 -315.371 7.2649e-05
4.32 -272.081 -0.000116214
4.34 -173.077 6.06951e-05
4.36 271.784 -0.000118571
4.38 146.371 6.86051e-05
4.4 115.414 -0.000102872
4.42 100.323 8.119e-05
4.44 243.504 -8.27155e-05
4.46 336.068 0.000104271
4.48 473.61 -6.95021e-05
4.5 388.088 0.000122185
4.52 346.528 -5.05539e-05
4.54 246.765 0.000124509
4.56 177.713 -4.97377e-05
4.58 60.178 0.000118315
4.6 -26.9315 -6.62504e-05
4.62 -145.605 9.38395e-05
4.64 -233.218 -8.57595e-05
4.66 -318.601 6.71694e-05
4.68 24.5172 -0.00011069
4.7 43.9676 5.00163e-05
4.72 -38.3587 -0.000118903
4.74 -66.9523 4.47801e-05
4.76 -161.545 -0.000113969
4.78 -237.193 6.04395e-05
4.8 -310.216 -9.6007e-05
4.82 -413.835 7.61118e-05
4.84 -267.987 -7.41196e-05
4.86 288.581 8.8962e-05
4.88 214.458 -6.08179e-05
4.9 227.087 0.000107465
4.92 189.726 -5.22575e-05
4.94 107.598 0.000108663
4.96 245.669 -5.30306e-05
4.98 395.936 0.000107329
5 300.789 -7.4562e-05
5.02 307.526 9.8898e-05
5.04 233.667 -8.44319e-05
5.06 193.728 7.71072e-05
5.08 129.34 -9.29507e-05
5.1 79.6545 7.93292e-05
5.12 84.3276 -0.000107446
5.14 200.714 7.22156e-05
5.16 198.854 -9.54014e-05
5.18 185.971 7.78396e-05
5.2 180.697 -9.05261e-05
5.22 99.9646 9.43825e-05
5.24 67.4062 -7.20315e-05
5.26 -43.6092 9.52183e-05
5.28 113.038 -6.14145e-05
5.3 259.609 0.000103319
5.32 115.992 -6.43908e-05
5.34 132.281 9.3649e-05
5.36 28.4838 -6.3664e-05
5.38 -16.8841 8.27315e-05
5.4 -100.299 -8.08005e-05
5.42 -157.235 7.42815e-05
5.44 -195.492 -8.90239e-05
5.46 -119.4 5.95712e-05
5.48 -67.9933 -9.56427e-05
5.5 -26.3252 6.15966e-05
5.52 -83.146 -9.96915e-05
5.54 -109.009 6.04404e-05
5.56 -168.426 -8.62161e-05
5.58 -208.933 6.91378e-05
5.6 -262.821 -8.02691e-05
5.62 -304.657 8.23369e-05
5.64 -343.88 -7.0947e-05
5.66 -233.108 8.07625e-05
5.68 -113.937 -7.23252e-05
5.7 -33.5751 8.46889e-05
5.72 -52.7359 -7.73804e-05
5.74 -62.3284 7.39867e-05
5.76 -83.2928 -7.60516e-05
5.78 -34.8864 7.1914e-05
5.8 23.0694 -8.78702e-05
5.82 37.694 7.26509e-05
5.84 27.1083 -8.41744e-05
5.86 47.4942 6.9089e-05
5.88 49.9962 -7.99029e-05
5.9 32.7343 7.87712e-05
5.92 16.3431 -8.01035e-05
5.94 -22.7807 8.36756e-05
5.96 -64.1319 -7.2598e-05
5.98 -98.5767 8.49363e-05
6 -38.7703 -7.21286e-05
6.02 15.1419 8.57578e-05
6.04 84.2761 -7.65554e-05
6.06 29.832 8.41812e-05
6.08 -11.6912 -8.04348e-05
6.1 -35.7393 7.97981e-05
6.12 29.4192 -8.64636e-05
6.14 14.6869 7.81633e-05
6.16 -8.92698 -8.67443e-05
6.18 -32.1047 7.7181e-05
6.2 -61.981 -8.77776e-05
6.22 -84.18 8.08048e-05
6.24 -19.2949 -8.84419e-05
6.26 15.0066 8.28024e-05
6.28 28.9438 -8.32475e-05
6.3 7.54916 8.44687e-05
6.32 -5.33058 -8.16972e-05
6.34 2.13939 8.936e-05
6.36 25.4424 -8.11772e-05
6.38 14.3463 9.04902e-05
6.4 10.5061 -8.17431e-05
6.42 0.619265 8.77459e-05
6.44 -7.86958 -8.3364e-05
6.46 17.6457 8.64467e-05
6.48 61.8553 -8.58883e-05
6.5 81.6614 8.4475e-05
6.52 48.3962 -8.93074e-05
6.54 46.0909 8.57587e-05
6.56 34.6747 -8.91787e-05
6.58 25.3739 8.68823e-05
6.6 4.97825 -8.85997e-05
6.62 -34.8327 8.78129e-05
6.64 21.7091 -8.83432e-05
6.66 18.2376 8.99081e-05
6.68 7.66689 -8.47725e-05
6.7 20.4624 8.94426e-05
6.72 21.0061 -9.05582e-05
6.74 18.4076 9.64124e-05
6.76 0.674149 -9.06556e-05
6.78 -12.7814 8.79229e-05
6.8 -41.6628 -8.71534e-05
6.82 -62.5781 9.09222e-05
6.84 -124.081 -9.50355e-05
6.86 -135.305 8.76379e-05
6.88 -25.8018 -9.07171e-05
6.9 54.9611 8.37238e-05
6.92 29.007 -9.51809e-05
6.94 13.7295 8.97205e-05
6.96 -22.6439 -9.59382e-05
6.98 -2.26162 8.96382e-05
7 45.6936 -9.00341e-05
7.02 89.6935 9.18999e-05
7.04 80.6671 -8.8996e-05
7.06 41.2166 9.75555e-05
7.08 9.37329 -8.95733e-05
7.1 -27.1033 0.00010172
7.12 -55.5364 -9.19767e-05
7.14 -72.5712 9.67015e-05
7.16 -17.7903 -8.67648e-05
7.18 33.4006 8.96933e-05
7.2 40.6471 -9.50118e-05
7.22 18.0291 9.44859e-05
7.24 39.9331 -9.86389e-05
7.26 26.8498 8.54178e-05
7.28 11.6114 -9.40779e-05
7.3 -8.01388 9.01099e-05
7.32 -22.4249 -0.000102046
7.34 -45.722 9.87811e-05
7.36 -38.7361 -9.55578e-05
7.38 -10.5628 9.2757e-05
7.4 5.25916 -8.92466e-05
7.42 -32.2105 9.94067e-05
7.44 -73.6948 -9.91526e-05
7.46 -82.7776 0.000103911
7.48 -27.0715 -9.49717e-05
7.5 -8.81887 9.23865e-05
7.52 11.8175 -9.29972e-05
7.54 11.4216 9.56274e-05
7.56 -1.89809 -0.000102944
7.58 -9.23411 9.57806e-05
7.6 -38.181 -9.71661e-05
7.62 -57.9932 9.08304e-05
7.64 -85.1806 -9.7564e-05
7.66 -86.066 9.4645e-05
7.68 -63.593 -0.000100418
7.7 -57.5052 9.614e-05
7.72 -85.3159 -9.84216e-05
7.74 -119.37 9.59216e-05
7.76 -47.1401 -9.75363e-05
7.78 -54.2558 9.3822e-05
7.8 2.82876 -9.79105e-05
7.82 57.0179 9.69209e-05
7.84 64.0742 -9.98058e-05
7.86 90.658 9.94842e-05
7.88 90.828 -9.46476e-05
7.9 99.5955 9.88686e-05
7.92 91.0007 -9.30958e-05
7.94 93.6221 0.000102565
7.96 19.8394 -9.42856e-05
7.98 -22.7273 0.000103461
8 46.9825 -9.18253e-05
8.02 97.2243 9.96081e-05
8.04 102.187 -9.36642e-05
8.06 70.2027 0.000100078
8.08 76.2787 -9.94483e-05
8.1 57.7333 9.72227e-05
8.12 58.0808 -9.94111e-05
8.14 47.8568 9.85754e-05
8.16 46.9735 -9.92208e-05
8.18 46.8445 9.78284e-05
8.2 59.6785 -9.25205e-05
8.22 52.0663 9.93094e-05
8.24 34.5814 -9.94809e-05
8.26 8.94252 0.000101014
8.28 -20.8311 -9.60058e-05
8.3 -55.3377 9.56911e-05
8.32 -59.477 -9.57804e-05
8.34 -67.2252 0.000101436
8.36 -62.7296 -0.000101316
8.38 -64.8278 9.66052e-05
8.4 -50.6707 -0.000100101
8.42 -52.9912 9.86336e-05
8.44 -17.3072 -0.000103996
8.46 -35.3546 8.85038e-05
8.48 -20.6969 -9.89641e-05
8.5 -64.666 9.512e-05
8.52 160.125 -0.000102982
8.54 245.013 9.96239e-05
8.56 238.65 -9.30225e-05
8.58 236.091 9.84383e-05
8.6 202.864 -9.13206e-05
8.62 172.093 0.000114442
8.64 130.832 -8.97476e-05
8.66 96.4764 0.000108965
8.68 57.8396 -8.49875e-05
8.7 23.2329 0.00010932
8.72 -12.7627 -9.32336e-05
8.74 -6.9371 0.000105368
8.76 9.53049 -9.89585e-05
8.78 3.08925 9.31226e-05
8.8 -38.6777 -0.000104559
8.82 -51.9695 9.0243e-05
8.84 -30.6783 -0.000111192
8.86 -68.566 8.63339e-05
8.88 -124.307 -0.000106768
8.9 -173.613 8.71519e-05
8.92 -229.995 -0.00010532
8.94 -315.437 9.52902e-05
8.96 -203.962 -0.000102676
8.98 197.241 9.55384e-05
9 61.5317 -9.68198e-05
9.02 74.5253 9.95918e-05
9.04 35.679 -9.32736e-05
9.06 165.249 0.000103356
9.08 107.529 -9.10868e-05
9.1 95.1025 0.000106867
9.12 106.248 -8.98736e-05
9.14 82.788 0.000105557
9.16 -12.7921 -8.92507e-05
9.18 -85.5878 0.000101437
9.2 -208.094 -9.72731e-05
9.22 -311.754 9.57992e-05
9.24 -176.389 -0.000104684
9.26 -76.0786 8.71504e-05
9.28 -121.361 -0.000110356
9.3 -23.0479 8.39096e-05
9.32 18.1653 -0.000111282
9.34 94.1241 8.5067e-05
9.36 147.673 -0.000104514
9.38 202.691 9.0749e-05
9.4 198.952 -9.77781e-05
9.42 133.239 0.000114038
9.44 52.7668 -8.98018e-05
9.46 -19.7577 0.000114917
9.48 -111.855 -7.79198e-05
9.5 -224.048 0.000114224
9.52 -297.314 -8.50841e-05
9.54 45.9645 0.000106278
9.56 -9.45637 -9.88846e-05
9.58 6.89846 8.89781e-05
9.6 -6.89678 -0.000105006
9.62 -29.4056 8.04559e-05
9.64 -99.0757 -0.000113709
9.66 -143.933 7.98825e-05
9.68 38.645 -0.000121376
9.7 107.408 8.7595e-05
9.72 29.5006 -9.96101e-05
9.74 30.0622 8.91377e-05
9.76 3.08724 -9.06786e-05
9.78 -15.2689 0.000109587
9.8 -70.5184 -8.21185e-05
9.82 -102.389 0.000108984
9.84 -133.671 -7.85369e-05
9.86 -139.805 0.00010855
9.88 -99.7545 -8.52331e-05
9.9 -46.253 9.87037e-05
9.92 5.07562 -9.85302e-05
9.94 -2.37077 8.88998e-05
9.96 82.2592 -0.000110414
9.98 88.7276 8.22851e-05
10 20.1953 -0.000110581
10.02 -24.5283 8.19366e-05
10.04 -95.8853 -0.000107157
10.06 -8.85402 9.13774e-05
10.08 17.9075 -0.000100852
10.1 -0.236821 9.83519e-05
10.12 29.8057 -8.91412e-05
10.14 57.8201 0.000108072
10.16 84.703 -8.48966e-05
10.18 67.7836 0.000111509
10.2 49.0873 -8.13451e-05
10.22 22.3207 0.000104222
10.24 -34.8509 -8.6815e-05
10.26 -90.783 0.000101113
10.28 -149.308 -9.956e-05
10.3 -197.539 9.26257e-05
10.32 -120.795 -0.00010481
10.34 -29.68 7.8371e-05
10.36 79.7795 -0.000108146
10.38 60.6165 7.95431e-05
10.4 49.8539 -0.000111194
10.42 166.569 8.73481e-05
10.44 181.924 -9.70704e-05
10.46 109.155 9.52355e-05
10.48 61.8068 -8.55318e-05
10.5 -13.4769 0.000105762
10.52 -45.9081 -7.79108e-05
10.54 -90.088 0.000117609
10.56 -62.0123 -8.76694e-05
10.58 -10.3124 0.000108954
10.6 14.5102 -7.68666e-05
10.62 41.7008 8.7678e-05
10.64 60.3429 -9.77665e-05
10.66 45.0399 9.37559e-05
10.68 69.0257 -0.000111073
10.7 99.0809 7.70808e-05
10.72 127.967 -9.65636e-05
10.74 140.349 7.77822e-05
10.76 87.3885 -0.000108987
10.78 52.8511 0.000101494
10.8 -7.20574 -9.60031e-05
10.82 -20.7219 9.672e-05
10.84 -2.03411 -7.73661e-05
10.86 -7.73396 0.000105901
10.88 21.673 -8.5528e-05
10.9 64.8258 0.000110731
10.92 4.29012 -8.31852e-05
10.94 -24.353 9.63212e-05
10.96 -76.6705 -8.7219e-05
10.98 -118.87 9.29496e-05
11 -125.277 -0.000103083
11.02 -49.4362 8.58062e-05
11.04 7.37521 -0.000106318
11.06 82.3658 7.67089e-05
11.08 59.3464 -0.000105904
11.1 38.0418 8.31724e-05
11.12 2.26448 -0.000101254
11.14 -28.9827 9.05817e-05
11.16 -74.0278 -9.06113e-05
11.18 -47.7836 9.88175e-05
11.2 37.1929 -8.33674e-05
11.22 72.5037 0.000102287
11.24 116.623 -7.9777e-05
11.26 110.786 0.00010502
11.28 96.4561 -8.34651e-05
11.3 80.5483 0.000100794
11.32 60.0195 -8.62569e-05
11.34 41.3439 9.5311e-05
11.36 32.8411 -9.36121e-05
11.38 81.5008 8.95011e-05
11.4 95.9684 -9.80955e-05
11.42 143.955 8.44906e-05
11.44 178.156 -9.88501e-05
11.46 133.712 8.74803e-05
11.48 110.974 -9.45218e-05
11.5 75.1415 9.27559e-05
11.52 54.0982 -8.59941e-05
11.54 28.1604 9.74303e-05
11.56 3.56103 -8.49288e-05
11.58 -35.8492 0.000102202
11.6 -69.4956 -8.26077e-05
11.62 -107.712 9.57505e-05
11.64 -138.282 -8.47005e-05
11.66 -163.373 9.21457e-05
11.68 -190.459 -9.60152e-05
11.7 -211.516 8.38105e-05
11.72 -218.057 -0.000102182
11.74 -225.091 7.57126e-05
11.76 -231.382 -0.000110087
11.78 -241.856 7.46952e-05
11.8 -284.079 -0.000108035
11.82 -316.309 7.46176e-05
11.84 -353.474 -0.000101722
11.86 -203.825 8.01722e-05
11.88 -56.3232 -9.87516e-05
11.9 49.0823 8.93142e-05
11.92 142.837 -8.96852e-05
11.94 119.931 9.63805e-05
11.96 142.904 -7.84493e-05
11.98 192.482 0.000101804
12 236.23 -7.55366e-05
12.02 219.587 0.000108451
12.04 192.193 -7.43855e-05
12.06 165.305 0.00010239
12.08 130.312 -7.51129e-05
12.1 140.194 9.71667e-05
12.12 144.979 -8.93153e-05
12.14 143.533 9.47144e-05
12.16 141.499 -9.29141e-05
12.18 140.731 8.19955e-05
12.2 137.521 -9.45233e-05
12.22 138.055 8.45287e-05
12.24 72.8516 -9.76722e-05
12.26 -34.2714 8.86658e-05
12.28 -62.9404 -9.04624e-05
12.3 -67.1234 8.73774e-05
12.32 -126.33 -8.5279e-05
12.34 -75.963 9.31202e-05
12.36 -60.5561 -8.81235e-05
12.38 -104.281 9.46697e-05
12.4 -120.786 -8.65314e-05
12.42 -107.501 8.5308e-05
12.44 -74.8033 -8.83206e-05
12.46 -44.9207 8.58558e-05
12.48 -44.4606 -9.6397e-05
12.5 -96.3456 8.35788e-05
12.52 -67.5399 -9.6023e-05
12.54 -56.5882 7.94303e-05
12.56 -81.2212 -9.28871e-05
12.58 -45.2616 8.26256e-05
12.6 -17.2755 -9.24041e-05
12.62 -14.991 9.07391e-05
12.64 25.7051 -8.73173e-05
12.66 12.454 8.65605e-05
12.68 1.81842 -7.91669e-05
12.7 -15.0833 9.44885e-05
12.72 -9.27665 -8.76707e-05
12.74 24.8644 9.5345e-05
12.76 55.1196 -8.03513e-05
12.78 40.6501 8.7895e-05
12.8 1.62421 -8.46196e-05
12.82 -36.1165 9.0178e-05
12.84 -79.5556 -9.52713e-05
12.86 -79.9307 9.01808e-05
12.88 -91.9705 -9.64747e-05
12.9 -81.6735 8.29064e-05
12.92 -82.6241 -8.93057e-05
12.94 -29.7459 7.41445e-05
12.96 -34.4184 -9.04737e-05
12.98 -43.1205 8.54048e-05
13 -63.7635 -9.20114e-05
13.02 -82.2439 8.44134e-05
13.04 -94.241 -8.40281e-05
13.06 -94.3452 8.48399e-05
13.08 -134.376 -8.65605e-05
13.1 -127.597 9.19113e-05
13.12 -152.271 -8.83309e-05
13.14 -41.3487 8.53997e-05
13.16 13.348 -8.67913e-05
13.18 43.3244 8.52283e-05
13.2 82.4534 -9.01652e-05
13.22 95.6751 8.60937e-05
13.24 92.0671 -8.87329e-05
13.26 64.8146 8.48036e-05
13.28 62.6974 -8.57934e-05
13.3 -0.194439 9.11955e-05
13.32 -63.7075 -8.40328e-05
13.34 55.7169 9.20518e-05
13.36 82.6387 -8.16966e-05
13.38 26.6275 9.06231e-05
13.4 -13.7306 -8.23617e-05
13.42 -68.394 8.88713e-05
13.44 7.87755 -8.67884e-05
13.46 137.892 8.62549e-05
13.48 153.162 -8.75205e-05
13.5 52.2976 8.42514e-05
13.52 30.5087 -8.50882e-05
13.54 -8.50817 8.45155e-05
13.56 26.4785 -8.71635e-05
13.58 50.4385 8.66987e-05
13.6 64.2507 -8.64542e-05
13.62 51.5784 8.63709e-05
13.64 56.3396 -8.31433e-05
13.66 37.179 8.89123e-05
13.68 12.5976 -8.52901e-05
13.7 7.14388 9.28854e-05
13.72 -18.665 -8.39626e-05
13.74 -52.5975 8.29179e-05
13.76 -60.5342 -7.70046e-05
13.78 -169.374 8.05802e-05
13.8 -155.806 -9.04406e-05
13.82 -23.5029 8.52461e-05
13.84 74.1712 -9.21457e-05
13.86 186.445 7.64519e-05
13.88 149.22 -8.58392e-05
13.9 135.41 8.14092e-05
13.92 96.0549 -8.57944e-05
13.94 56.5046 8.55929e-05
13.96 19.1583 -7.87105e-05
13.98 -9.73467 9.20368e-05
14 -30.5882 -8.04909e-05
14.02 -94.9533 9.50831e-05
14.04 2.27605 -7.76031e-05
14.06 86.1265 8.87885e-05
14.08 61.1949 -7.93365e-05
14.1 119.651 8.41712e-05
14.12 86.1154 -8.70203e-05
14.14 58.1127 8.20303e-05
14.16 -25.0888 -8.65766e-05
14.18 -122.481 7.86247e-05
14.2 -157.692 -8.6201e-05
14.22 -233.411 7.73535e-05
14.24 -248.762 -9.27658e-05
14.26 -208.544 8.37012e-05
14.28 -126.069 -9.14946e-05
14.3 -29.0213 7.06059e-05
14.32 27.7209 -8.12109e-05
14.34 52.2106 7.7146e-05
14.36 -2.80937 -9.01041e-05
14.38 -21.9844 8.49653e-05
14.4 -86.7543 -7.93214e-05
14.42 -59.354 8.1172e-05
14.44 5.50345 -7.70442e-05
14.46 28.2532 9.26868e-05
14.48 46.2218 -8.36628e-05
14.5 15.7301 8.86656e-05
14.52 10.7714 -7.78916e-05
14.54 32.656 8.58323e-05
14.56 48.762 -8.38618e-05
14.58 64.5709 8.54778e-05
14.6 101.096 -8.37706e-05
14.62 137.931 7.95843e-05
14.64 108.358 -8.09851e-05
14.66 50.3367 8.06726e-05
14.68 33.5596 -8.25716e-05
14.7 -6.18912 8.07512e-05
14.72 -16.5178 -7.87762e-05
14.74 -23.216 8.09281e-05
14.76 -37.8375 -8.25998e-05
14.78 -76.0849 9.01341e-05
14.8 -12.3933 -8.63904e-05
14.82 102.46 8.3746e-05
14.84 101.799 -7.99645e-05
14.86 44.0826 7.98594e-05
14.88 14.1524 -7.85775e-05
14.9 -45.5714 8.16089e-05
14.92 -73.5401 -9.11923e-05
14.94 -31.1492 9.23407e-05
14.96 6.95143 -8.46551e-05
14.98 45.652 7.24868e-05
15 3.8312 -7.65108e-05
15.02 -43.2874 8.18681e-05
15.04 -84.7513 -8.64196e-05
15.06 -137.245 8.35386e-05
15.08 -105.841 -8.27041e-05
15.1 -51.552 7.52694e-05
15.12 11.3738 -8.13164e-05
15.14 43.6656 8.16071e-05
15.16 52.1971 -8.52176e-05
15.18 44.9685 8.2113e-05
15.2 25.8334 -8.28854e-05
15.22 -3.39149 8.21231e-05
15.24 -37.6673 -7.82085e-05
15.26 12.4404 8.2897e-05
15.28 44.9275 -7.85088e-05
15.3 90.0468 8.1935e-05
15.32 68.7286 -7.59566e-05
15.34 37.3609 8.4449e-05
15.36 4.88872 -8.05152e-05
15.38 -28.9623 8.25279e-05
15.4 16.4759 -7.81507e-05
15.42 0.900926 7.87924e-05
15.44 -39.56 -8.16024e-05
15.46 -64.4456 8.20969e-05
15.48 -104.414 -8.51917e-05
15.5 -87.1303 7.75489e-05
15.52 -70.1658 -8.33171e-05
15.54 -53.5143 7.48891e-05
15.56 -81.3983 -8.61097e-05
15.58 -106.311 7.77248e-05
15.6 -109.878 -8.47687e-05
15.62 -15.893 7.69308e-05
15.64 45.8283 -8.4154e-05
15.66 109.052 7.9426e-05
15.68 131.612 -7.98522e-05
15.7 79.4269 8.2829e-05
15.72 48.4146 -7.50799e-05
15.74 13.5824 8.67431e-05
15.76 -13.9729 -7.2557e-05
15.78 30.636 8.54614e-05
15.8 70.3676 -7.33988e-05
15.82 97.9408 8.60787e-05
15.84 64.1913 -7.81872e-05
15.86 41.9373 8.47221e-05
15.88 4.18991 -7.91449e-05
15.9 -23.5361 7.52349e-05
15.92 -10.202 -8.00076e-05
15.94 13.8816 7.46616e-05
15.96 23.884 -8.71542e-05
15.98 59.7474 7.81236e-05
16 62.8223 -8.47934e-05
16.02 15.9608 7.71631e-05
16.04 -13.7578 -7.9601e-05
16.06 -55.9508 7.9436e-05
16.08 -84.1582 -8.11644e-05
16.1 -105.948 9.00423e-05
16.12 -99.0796 -7.70168e-05
16.14 -53.3306 7.2654e-05
16.16 20.0157 -6.87494e-05
16.18 146.004 7.84776e-05
16.2 113.211 -8.1579e-05
16.22 80.4082 7.9948e-05
16.24 37.8292 -7.67079e-05
16.26 -5.96676 7.1826e-05
16.28 -62.9479 -7.6442e-05
16.3 -51.7738 8.2137e-05
16.32 -19.9202 -8.24047e-05
16.34 -58.4983 8.07295e-05
16.36 -53.672 -8.79346e-05
16.38 -41.3789 8.56273e-05
16.4 -31.9542 -8.08578e-05
16.42 -29.9518 7.73044e-05
16.44 -25.0992 -8.25619e-05
16.46 2.85901 8.00321e-05
16.48 32.4391 -8.39995e-05
16.5 67.4076 7.71787e-05
16.52 65.6111 -7.18237e-05
16.54 29.5709 7.46917e-05
16.56 8.01086 -7.85781e-05
16.58 -27.6976 8.45897e-05
16.6 20.6044 -7.68505e-05
16.62 48.7884 7.87686e-05
16.64 52.1883 -7.14449e-05
16.66 70.5139 7.61911e-05
16.68 43.2904 -7.237e-05
16.7 37.6387 8.03897e-05
16.72 30.986 -8.44418e-05
16.74 29.0017 8.9966e-05
16.76 4.01789 -8.09765e-05
16.78 1.97207 7.22694e-05
16.8 30.3218 -7.32185e-05
16.82 18.6437 7.77178e-05
16.84 -19.4169 -8.56727e-05
16.86 -64.8841 8.2342e-05
16.88 -126.958 -7.73633e-05
16.9 -163.316 6.56653e-05
16.92 -149.86 -7.13262e-05
16.94 -130.51 7.57928e-05
16.96 -83.8738 -8.93321e-05
16.98 -23.6011 8.19044e-05
17 7.55439 -8.36216e-05
17.02 44.2657 6.96075e-05
17.04 36.4465 -7.84394e-05
17.06 21.7069 7.99337e-05
17.08 4.45071 -8.51432e-05
17.1 -15.0181 8.58084e-05
17.12 -30.221 -7.34262e-05
17.14 4.6625 7.60389e-05
17.16 31.1872 -6.96401e-05
17.18 67.4072 8.20875e-05
17.2 100.441 -7.62914e-05
17.22 132.373 8.0602e-05
17.24 106.588 -6.93588e-05
17.26 83.7364 7.32999e-05
17.28 54.4261 -7.10555e-05
17.3 24.3049 7.79526e-05
17.32 -0.573276 -7.83538e-05
17.34 30.1329 8.11639e-05
17.36 54.3939 -8.03754e-05
17.38 79.8046 7.64877e-05
17.4 64.8181 -7.6544e-05
17.42 55.6366 7.60064e-05
17.44 49.3275 -7.80149e-05
17.46 69.6716 8.13212e-05
17.48 78.8291 -7.79088e-05
17.5 74.3034 7.79807e-05
17.52 63.1041 -7.20242e-05
17.54 51.4971 7.93391e-05
17.56 35.19 -7.31713e-05
17.58 31.1008 8.09649e-05
17.6 9.15006 -7.36435e-05
17.62 -3.73436 7.65614e-05
17.64 -106.803 -7.24752e-05
17.66 -143.533 7.52356e-05
17.68 -169.141 -7.88866e-05
17.7 -148.821 7.03538e-05
17.72 -143.004 -8.22458e-05
17.74 -81.3951 6.7371e-05
17.76 -15.6397 -8.40439e-05
17.78 -3.31135 7.10332e-05
17.8 21.6894 -8.51165e-05
17.82 1.38057 6.99249e-05
17.84 -6.72873 -7.54659e-05
17.86 -19.8916 7.38033e-05
17.88 -19.5246 -7.25596e-05
17.9 -35.1358 7.98752e-05
17.92 -36.6375 -7.29848e-05
17.94 -12.4344 8.80171e-05
17.96 11.1374 -7.08046e-05
17.98 13.8192 7.53153e-05
18 -11.9898 -6.57835e-05
18.02 -18.2188 7.21901e-05
18.04 -25.2537 -7.80194e-05
18.06 3.24166 8.11182e-05
18.08 30.1302 -8.45178e-05
18.1 34.6116 6.29333e-05
18.12 1.63116 -7.29975e-05
18.14 -27.4852 7.25811e-05
18.16 -18.0097 -9.15483e-05
18.18 21.8211 7.95394e-05
18.2 55.0195 -7.42402e-05
18.22 55.2944 6.68132e-05
18.24 15.8203 -6.62195e-05
18.26 8.89427 7.66466e-05
18.28 -2.43112 -6.87882e-05
18.3 -5.26123 8.16399e-05
18.32 -10.5392 -6.74853e-05
18.34 -11.6348 7.66411e-05
18.36 -18.6072 -6.88252e-05
18.38 -24.8982 8.24075e-05
18.4 -32.1789 -8.27825e-05
18.42 -38.8949 6.97251e-05
18.44 -45.9172 -7.11729e-05
18.46 -52.4418 6.74215e-05
18.48 -59.2756 -9.11124e-05
18.5 -65.5532 8.13677e-05
18.52 -80.3154 -8.40659e-05
18.54 -64.0909 6.43275e-05
18.56 -35.0201 -7.34131e-05
18.58 -12.2601 7.18732e-05
18.6 22.7959 -8.11366e-05
18.62 30.4838 7.9364e-05
18.64 -2.08261 -6.8094e-05
18.66 2.81481 7.24805e-05
18.68 52.5136 -6.59327e-05
18.7 107.997 8.15434e-05
18.72 117.676 -7.09401e-05
18.74 108.748 8.19279e-05
18.76 74.7993 -7.00201e-05
18.78 11.3155 7.98177e-05
18.8 -49.9529 -7.2588e-05
18.82 -49.9528 7.22824e-05
18.84 4.49727 -6.9364e-05
18.86 11.3925 6.50055e-05
18.88 20.2126 -7.71593e-05
18.9 39.7421 7.86163e-05
18.92 74.2685 -9.03872e-05
18.94 91.3272 6.97795e-05
18.96 36.1384 -6.3829e-05
18.98 -9.78263 6.66659e-05
19 -18.4046 -8.23726e-05
19.02 -28.815 8.68651e-05
19.04 -34.0578 -7.22229e-05
19.06 -48.1722 7.39905e-05
19.08 -59.8148 -6.24949e-05
19.1 -70.7513 7.97314e-05
19.12 -28.9034 -8.58578e-05
19.14 25.564 8.37967e-05
19.16 58.6318 -6.67248e-05
19.18 51.8371 5.62457e-05
19.2 50.1441 -7.29321e-05
19.22 52.2903 8.07954e-05
19.24 57.5911 -8.72196e-05
19.26 39.6361 7.09014e-05
19.28 8.55939 -6.56487e-05
19.3 -27.6569 6.89274e-05
19.32 -72.2963 -7.75867e-05
19.34 -75.8768 8.40545e-05
19.36 -45.9743 -7.42155e-05
19.38 -29.1549 7.35489e-05
19.4 6.58127 -7.52703e-05
19.42 26.7312 8.27597e-05
19.44 50.6862 -7.54104e-05
19.46 54.6041 6.98421e-05
19.48 16.8015 -6.64385e-05
19.5 -20.3656 6.89677e-05
19.52 -63.2966 -7.8666e-05
19.54 -105.128 7.57101e-05
19.56 -76.1608 -6.94027e-05
19.58 -24.2618 5.85816e-05
19.6 3.1223 -6.87628e-05
19.62 26.0692 7.7904e-05
19.64 49.791 -9.1519e-05
19.66 61.6497 8.40164e-05
19.68 63.1535 -6.95806e-05
19.7 69.3596 6.47054e-05
19.72 69.3089 -7.16463e-05
19.74 83.3872 9.0534e-05
19.76 80.0059 -8.22705e-05
19.78 65.6301 8.00579e-05
19.8 64.4194 -6.1391e-05
19.82 53.4024 7.16164e-05
19.84 22.7475 -6.87192e-05
19.86 -1.0149 8.24383e-05
19.88 -19.1789 -7.60624e-05
19.9 -7.48545 7.04875e-05
19.92 2.19861 -6.8763e-05
19.94 19.5421 6.76799e-05
19.96 9.47605 -7.91759e-05
19.98 -33.9442 7.10838e-05
20 -75.212 -7.90032e-05
20.02 -126.653 6.6666e-05
20.04 -135.373 -7.47277e-05
20.06 -141.476 6.97334e-05
20.08 -134.566 -7.90863e-05
20.1 -112.426 6.99168e-05
20.12 -84.552 -7.15626e-05
20.14 -43.187 6.9955e-05
20.16 12.9565 -7.96244e-05
20.18 56.5158 7.87968e-05
20.2 72.5501 -7.63915e-05
20.22 90.8687 7.4208e-05
20.24 77.5211 -7.04915e-05
20.26 74.2479 8.24456e-05
20.28 47.5082 -7.60915e-05
20.3 6.39651 7.68298e-05
20.32 -45.6282 -5.67629e-05
20.34 -79.0021 6.66329e-05
20.36 -109.487 -6.76349e-05
20.38 -79.8246 7.28933e-05
20.4 -48.2522 -7.48814e-05
20.42 -18.9821 6.81065e-05
20.44 13.6793 -7.53634e-05
20.46 53.1094 6.42429e-05
20.48 78.9123 -8.2363e-05
20.5 32.7367 7.3451e-05
20.52 0.502312 -8.07571e-05
20.54 -44.9687 7.12862e-05
20.56 -85.1116 -7.02741e-05
20.58 -111.799 7.07079e-05
20.6 -94.3788 -6.97593e-05
20.62 -67.4522 8.13782e-05
20.64 -24.9281 -7.34658e-05
20.66 17.18 7.45297e-05
20.68 62.6885 -6.86687e-05
20.7 102.32 7.31622e-05
20.72 132.375 -7.46734e-05
20.74 169.247 7.7869e-05
20.76 154.453 -7.18828e-05
20.78 110.447 6.6765e-05
20.8 62.3385 -6.55326e-05
20.82 -21.9853 7.75853e-05
20.84 -61.508 -7.37093e-05
20.86 -110.499 7.56006e-05
20.88 -113.374 -6.68921e-05
20.9 -70.126 6.84151e-05
20.92 -62.6892 -7.59736e-05
20.94 -54.0999 7.78873e-05
20.96 -41.4306 -7.89997e-05
20.98 0.0850416 6.04228e-05
21 39.0659 -6.93082e-05
21.02 31.1579 6.43392e-05
21.04 4.90017 -7.75074e-05
21.06 -15.6397 7.18822e-05
21.08 -48.9523 -7.31707e-05
21.1 -69.7948 6.87719e-05
21.12 -96.764 -6.81613e-05
21.14 -88.8361 7.9981e-05
21.16 -48.3748 -7.45483e-05
21.18 -20.6996 7.2935e-05
21.2 13.603 -6.62129e-05
21.22 43.0094 7.05948e-05
21.24 57.8187 -7.27187e-05
21.26 73.5219 7.5159e-05
21.28 86.9082 -7.52097e-05
21.3 100.048 6.92405e-05
21.32 88.9878 -6.80296e-05
21.34 68.9176 6.97027e-05
21.36 52.5964 -6.5637e-05
21.38 33.6888 7.3059e-05
21.4 30.9175 -7.41405e-05
21.42 25.863 8.28982e-05
21.44 18.1986 -7.00101e-05
21.46 6.00728 6.99689e-05
21.48 -3.98409 -6.69568e-05
21.5 -14.1785 7.66139e-05
21.52 0.844319 -7.70414e-05
21.54 16.7816 7.45254e-05
21.56 33.1805 -7.12365e-05
21.58 53.6381 6.26623e-05
21.6 64.1972 -7.05624e-05
21.62 54.8428 7.11902e-05
21.64 44.1254 -7.52872e-05
21.66 50.6827 7.06841e-05
21.68 63.9377 -6.8868e-05
21.7 76.8865 7.24473e-05
21.72 89.5966 -6.70473e-05
21.74 102.072 7.68583e-05
21.76 84.2178 -6.57332e-05
21.78 63.007 7.66622e-05
21.8 -16.5744 -6.61138e-05
21.82 -63.1629 7.57651e-05
21.84 -90.2545 -6.88156e-05
21.86 -130.361 7.12697e-05
21.88 -116.284 -7.22344e-05
21.9 -95.7107 6.3962e-05
21.92 -77.3593 -7.61173e-05
21.94 -76.5465 6.25158e-05
21.96 -66.78 -8.14071e-05
21.98 -68.3738 6.12464e-05
22 -4.66451 -7.99993e-05
22.02 42.5 6.49357e-05
22.04 79.0028 -7.48296e-05
22.06 79.3882 7.10819e-05
22.08 33.0197 -6.78428e-05
22.1 4.21493 7.81851e-05
22.12 -37.0196 -6.24192e-05
22.14 -70.7364 7.94197e-05
22.16 -95.8455 -5.99863e-05
22.18 -70.1204 7.62529e-05
22.2 -52.794 -6.60719e-05
22.22 -29.8903 7.18559e-05
22.24 -8.33035 -6.89533e-05
22.26 4.04119 6.32035e-05
22.28 -4.6515 -7.67147e-05
22.3 -8.71826 6.22142e-05
22.32 -18.3859 -7.84114e-05
22.34 -24.5583 6.21026e-05
22.36 -16.7337 -8.66049e-05
22.38 -9.97473 7.54465e-05
22.4 -3.29805 -7.27691e-05
22.42 6.27795 5.93911e-05
22.44 6.16245 -5.73676e-05
22.46 -0.235707 7.60909e-05
22.48 4.9779 -6.92826e-05
22.5 22.6941 8.22333e-05
22.52 42.1779 -5.74437e-05
22.54 72.298 6.66505e-05
22.56 93.0786 -6.3224e-05
22.58 122.076 8.53342e-05
22.6 51.8838 -7.8639e-05
22.62 2.27574 6.96469e-05
22.64 -23.9959 -6.50502e-05
22.66 -65.5703 6.08813e-05
22.68 -91.4502 -7.60745e-05
22.7 -95.2917 6.99792e-05
22.72 -66.5054 -8.00114e-05
22.74 -62.2072 6.2264e-05
22.76 -54.6095 -7.83636e-05
22.78 -49.7934 7.0603e-05
22.8 -44.9436 -7.28651e-05
22.82 -27.0375 6.27099e-05
22.84 4.51957 -6.57939e-05
22.86 41.6246 7.18554e-05
22.88 68.4994 -6.79283e-05
22.9 57.1615 7.60164e-05
22.92 53.7726 -5.96982e-05
22.94 49.7705 7.02115e-05
22.96 41.1126 -6.63211e-05
22.98 45.5756 8.22411e-05
23 52.2905 -6.90816e-05
23.02 61.7071 6.95529e-05
23.04 58.7259 -6.69286e-05
23.06 49.1039 6.92259e-05
23.08 27.4967 -7.50953e-05
23.1 -11.0714 7.16488e-05
23.12 -42.6501 -7.36958e-05
23.14 -35.4134 6.37277e-05
23.16 -29.17 -7.14705e-05
23.18 -30.5976 6.6976e-05
23.2 -24.6889 -7.23658e-05
23.22 -23.8648 6.95568e-05
23.24 -20.5374 -6.9881e-05
23.26 -19.6057 6.87828e-05
23.28 -6.68801 -6.8182e-05
23.3 20.3777 7.2592e-05
23.32 40.826 -6.77882e-05
23.34 73.7353 7.03468e-05
23.36 71.7608 -6.67637e-05
23.38 46.9099 7.2577e-05
23.4 26.6332 -6.84047e-05
23.42 0.280531 7.24628e-05
23.44 -25.7701 -6.85209e-05
23.46 -38.0103 7.01998e-05
23.48 -33.7463 -7.05911e-05
23.5 -37.608 7.02334e-05
23.52 -19.8371 -7.18906e-05
23.54 4.97723 6.64648e-05
23.56 33.081 -7.22568e-05
23.58 35.8493 6.78557e-05
23.6 -17.5789 -7.3086e-05
23.62 -53.5586 6.78989e-05
23.64 -53.8604 -7.01069e-05
23.66 -19.6343 6.98839e-05
23.68 3.21063 -7.13865e-05
23.7 36.5683 7.13294e-05
23.72 8.7425 -6.7027e-05
23.74 -10.6214 6.86922e-05
23.76 -37.5397 -6.68484e-05
23.78 -59.8213 7.30488e-05
23.8 -89.0632 -7.20724e-05
23.82 -83.7345 7.17202e-05
23.84 -29.6687 -6.91549e-05
23.86 11.114 6.43645e-05
23.88 71.7231 -7.1492e-05
23.9 78.9997 7.41844e-05
23.92 40.9925 -8.10536e-05
23.94 15.0509 6.82307e-05
23.96 -42.3548 -6.01745e-05
23.98 -49.4365 6.07843e-05
24 -23.4002 -6.76905e-05
24.02 -2.66052 7.66158e-05
24.04 28.9871 -7.34795e-05
24.06 67.0907 7.0586e-05
24.08 98.4099 -6.05236e-05
24.1 135.294 6.6917e-05
24.12 103.927 -7.04828e-05
24.14 36.8344 7.8966e-05
24.16 -17.779 -6.8819e-05
24.18 -91.2261 7.20466e-05
24.2 -148.514 -6.37736e-05
24.22 -202.902 6.59115e-05
24.24 -172.745 -7.28873e-05
24.26 -86.016 6.72303e-05
24.28 -18.5167 -7.47479e-05
24.3 73.1684 6.19313e-05
24.32 154.132 -7.8846e-05
24.34 220.702 6.65537e-05
24.36 150.903 -7.68911e-05
24.38 103.276 6.84418e-05
24.4 31.7731 -6.01043e-05
24.42 -36.7528 6.99145e-05
24.44 -94.4926 -6.13769e-05
24.46 -65.3526 8.13225e-05
24.48 -50.6942 -5.98095e-05
24.5 -22.3005 7.34366e-05
24.52 -45.6003 -6.01483e-05
24.54 -64.6619 6.75704e-05
24.56 -93.6915 -7.20037e-05
24.58 -107.934 6.89105e-05
24.6 -92.4289 -8.10137e-05
24.62 -96.2523 6.02479e-05
24.64 -102.462 -7.95608e-05
24.66 -104.258 5.31692e-05
24.68 -98.0343 -7.874e-05
24.7 -73.4975 6.21622e-05
24.72 -16.9791 -7.76044e-05
24.74 25.5353 6.67984e-05
24.76 52.584 -6.77826e-05
24.78 64.6981 7.22023e-05
24.8 68.1731 -5.91874e-05
24.82 72.9353 7.88922e-05
24.84 94.3183 -5.83932e-05
24.86 123.292 8.06069e-05
24.88 132.075 -5.90867e-05
24.9 140.695 8.24386e-05
24.92 149.157 -6.67078e-05
24.94 96.034 7.66384e-05
24.96 30.4385 -6.31216e-05
24.98 -30.6299 6.26038e-05
25 -75.2756 -7.14646e-05
25.02 -93.5441 6.4103e-05
25.04 -69.0899 -7.92864e-05
25.06 -47.6055 5.89846e-05
25.08 -30.2031 -7.49681e-05
25.1 -68.8371 6.11791e-05
25.12 -106.881 -8.30414e-05
25.14 -111.052 7.17814e-05
25.16 -62.318 -6.86306e-05
25.18 -33.8329 5.74874e-05
25.2 -1.38869 -6.12782e-05
25.22 1.68968 7.41584e-05
25.24 16.9111 -6.73552e-05
25.26 56.8345 7.57318e-05
25.28 72.6173 -5.9442e-05
25.3 85.4061 7.14597e-05
25.32 92.4305 -6.56645e-05
25.34 139.253 8.19438e-05
25.36 110.27 -7.53279e-05
25.38 29.1781 7.08286e-05
25.4 -39.2996 -6.13132e-05
25.42 -96.1329 6.2596e-05
25.44 -136.745 -7.00868e-05
25.46 -134.836 7.10091e-05
25.48 -98.5633 -7.90581e-05
25.5 -77.7021 6.18817e-05
25.52 -89.1686 -6.89147e-05
25.54 -107.181 5.57505e-05
25.56 -122.403 -7.65094e-05
25.58 -141.645 6.62338e-05
25.6 -152.546 -7.59395e-05
25.62 -158.332 6.38272e-05
25.64 -147.425 -6.93828e-05
25.66 -123.82 6.31939e-05
25.68 -22.759 -6.91375e-05
25.7 76.9901 6.93906e-05
25.72 185.219 -6.79955e-05
25.74 264.73 7.03634e-05
25.76 169.547 -6.37261e-05
25.78 96.3908 7.65729e-05
25.8 -4.10237 -6.11509e-05
25.82 -96.3532 7.90272e-05
25.84 -135.732 -6.13054e-05
25.86 -85.3145 7.5272e-05
25.88 -37.6695 -6.68839e-05
25.9 19.0601 6.70568e-05
25.92 84.9158 -7.19872e-05
25.94 77.2063 6.22471e-05
25.96 17.3332 -7.71304e-05
25.98 -18.8913 6.32631e-05
26 -99.8736 -7.64112e-05
26.02 -165.602 6.23568e-05
26.04 -182.204 -7.15005e-05
26.06 -177.614 6.22963e-05
26.08 -143.623 -7.17753e-05
26.1 -116.402 6.77033e-05
26.12 -79.2408 -7.09794e-05
26.14 -59.9648 6.63173e-05
26.16 -4.31039 -6.50834e-05
26.18 68.8685 6.81926e-05
26.2 134.063 -6.91533e-05
26.22 212.061 7.3491e-05
26.24 264.048 -6.64156e-05
26.26 241.363 7.2689e-05
26.28 233.224 -5.91817e-05
26.3 192.679 7.67239e-05
26.32 144.896 -5.7184e-05
26.34 103.523 7.78578e-05
26.36 91.1708 -5.5414e-05
26.38 74.1318 7.49044e-05
26.4 52.5545 -6.28062e-05
26.42 30.945 7.67393e-05
26.44 24.0468 -7.10786e-05
26.46 15.9248 6.15339e-05
26.48 6.9698 -6.50764e-05
26.5 -5.54295 5.96768e-05
26.52 -16.3992 -7.8661e-05
26.54 -7.98829 6.3026e-05
26.56 3.6339 -7.57699e-05
26.58 9.29197 6.44676e-05
26.6 4.29213 -7.14145e-05
26.62 0.441333 6.49069e-05
26.64 -15.538 -6.49523e-05
26.66 -38.4098 7.21761e-05
26.68 -59.631 -6.20736e-05
26.7 -80.8909 7.52677e-05
26.72 -102.127 -6.43548e-05
26.74 -97.1712 7.25359e-05
26.76 -78.1789 -6.44638e-05
26.78 -47.0669 6.25536e-05
26.8 -11.5529 -6.84686e-05
26.82 8.60574 6.75938e-05
26.84 13.6562 -7.76594e-05
26.86 19.8849 5.87831e-05
26.88 25.2309 -7.06247e-05
26.9 42.7638 5.91371e-05
26.92 39.6407 -7.08693e-05
26.94 0.63335 6.91213e-05
26.96 -18.9677 -7.1619e-05
26.98 -38.2133 7.28672e-05
27 -41.624 -6.05998e-05
27.02 -40.6719 7.1667e-05
27.04 -20.1416 -6.12638e-05
27.06 11.4723 7.359e-05
27.08 24.9222 -6.58516e-05
27.1 46.208 7.07427e-05
27.12 36.51 -6.53072e-05
27.14 27.4207 6.39692e-05
27.16 16.8406 -6.80713e-05
27.18 28.2013 6.3899e-05
27.2 33.8239 -7.18067e-05
27.22 38.5441 6.48823e-05
27.24 46.6786 -7.04451e-05
27.26 44.7118 6.33756e-05
27.28 32.9527 -6.51372e-05
27.3 23.1919 6.52088e-05
27.32 33.6984 -6.58338e-05
27.34 47.4508 7.76312e-05
27.36 56.9566 -6.65653e-05
27.38 58.2402 6.67273e-05
27.4 78.5431 -5.10917e-05
27.42 72.7938 6.91786e-05
27.44 54.0669 -7.11164e-05
27.46 31.3239 7.803e-05
27.48 4.88462 -6.60206e-05
27.5 -13.0012 6.13589e-05
27.52 -7.91273 -6.26865e-05
27.54 9.48022 6.57289e-05
27.56 8.56831 -7.82926e-05
27.58 19.4059 6.79255e-05
27.6 21.5664 -7.00947e-05
27.62 34.4371 6.21452e-05
27.64 49.036 -6.88775e-05
27.66 65.6997 6.77711e-05
27.68 71.2448 -6.83042e-05
27.7 58.8733 7.02919e-05
27.72 49.1873 -6.08982e-05
27.74 31.9399 6.9885e-05
27.76 15.9323 -6.15869e-05
27.78 -11.6665 7.37322e-05
27.8 -43.056 -6.185e-05
27.82 -65.2358 6.97558e-05
27.84 -78.1607 -6.66216e-05
27.86 -75.4902 6.63536e-05
27.88 -58.5562 -7.18219e-05
27.9 -27.2534 6.02271e-05
27.92 -0.520663 -7.29262e-05
27.94 13.8016 5.91608e-05
27.96 35.1083 -7.50017e-05
27.98 31.6348 6.22975e-05
28 12.5 -7.07514e-05
28.02 1.88794 6.45193e-05
28.04 -13.6021 -6.42014e-05
28.06 -26.8286 6.88584e-05
28.08 -45.5605 -6.07293e-05
28.1 -60.1385 7.36555e-05
28.12 -73.4032 -6.14986e-05
28.14 -62.1592 7.16704e-05
28.16 -37.6697 -6.32103e-05
28.18 -8.79161 6.76604e-05
28.2 23.6941 -6.91296e-05
28.22 52.5581 6.43612e-05
28.24 33.5902 -7.21584e-05
28.26 14.8491 6.08645e-05
28.28 -9.31408 -7.11041e-05
28.3 -33.904 6.17792e-05
28.32 -59.324 -7.10236e-05
28.34 -48.4011 6.51918e-05
28.36 -28.2812 -6.85329e-05
28.38 -21.6167 6.59944e-05
28.4 -7.2245 -6.33494e-05
28.42 -0.985366 6.86789e-05
28.44 1.37328 -6.36095e-05
28.46 3.66379 7.14688e-05
28.48 5.74621 -6.35207e-05
28.5 13.0115 6.72264e-05
28.52 24.6272 -6.20675e-05
28.54 22.9442 6.58851e-05
28.56 9.5597 -6.71827e-05
28.58 -4.2538 6.82198e-05
28.6 -0.581784 -6.92603e-05
28.62 22.4337 6.13655e-05
28.64 35.8413 -6.5294e-05
28.66 61.7169 6.45846e-05
28.68 59.3499 -7.211e-05
28.7 37.6151 7.07136e-05
28.72 21.3184 -6.73724e-05
28.74 -6.04794 6.57708e-05
28.76 -35.9071 -5.99133e-05
28.78 -62.0274 6.68375e-05
28.8 -77.2843 -6.44288e-05
28.82 -78.3157 6.92626e-05
28.84 -73.1852 -6.62527e-05
28.86 -61.5152 6.48404e-05
28.88 -34.1505 -6.55454e-05
28.9 -23.0779 6.26044e-05
28.92 -12.8235 -7.2882e-05
28.94 0.185223 6.49716e-05
28.96 12.2266 -7.074e-05
28.98 23.1195 5.97277e-05
29 22.3245 -6.78968e-05
29.02 19.5783 6.85634e-05
29.04 16.8829 -6.87152e-05
29.06 13.3772 6.80059e-05
29.08 23.3276 -5.66558e-05
29.1 34.3841 6.69365e-05
29.12 45.2984 -6.4227e-05
29.14 58.7754 7.66505e-05
29.16 59.5339 -6.39711e-05
29.18 47.2557 7.02706e-05
29.2 33.8526 -6.30296e-05
29.22 -10.7915 6.74528e-05
29.24 -25.1139 -6.82324e-05
29.26 -43.3862 6.85113e-05
29.28 -52.107 -6.99824e-05
29.3 -40.8873 6.15265e-05
29.32 -33.1301 -6.98221e-05
29.34 -22.9977 5.9632e-05
29.36 -31.3575 -7.16168e-05
29.38 -38.3347 6.41205e-05
29.4 -45.5517 -7.06313e-05
29.42 -26.5287 6.44263e-05
29.44 -10.6208 -6.44797e-05
29.46 11.3205 6.44351e-05
29.48 16.7019 -6.64882e-05
29.5 3.61672 7.70613e-05
29.52 -3.99366 -6.31691e-05
29.54 -18.9822 6.15977e-05
29.56 -17.5874 -5.3234e-05
29.58 -7.37332 7.01795e-05
29.6 -0.234342 -7.20609e-05
29.62 11.6257 7.09083e-05
29.64 17.3084 -6.77062e-05
29.66 18.832 6.48527e-05
29.68 19.5287 -6.63981e-05
29.7 22.0554 6.41346e-05
29.72 28.2829 -7.01897e-05
29.74 33.3509 6.60932e-05
29.76 15.6588 -6.8814e-05
29.78 -1.51057 6.38505e-05
29.8 -13.1662 -6.50262e-05
29.82 -26.1919 6.69501e-05
29.84 -38.4856 -6.34937e-05
29.86 -37.5915 7.00371e-05
29.88 -31.4923 -6.49351e-05
29.9 -26.2429 6.76723e-05
29.92 -19.6773 -6.34507e-05
29.94 -22.6929 6.85372e-05
29.96 -26.5741 -7.56802e-05
29.98 -23.4422 6.82037e-05
30 -19.3856 -6.59896e-05
30.02 -15.4653 5.33252e-05
30.04 -8.48396 -6.47829e-05
30.06 7.45311 7.04089e-05
30.08 11.2531 -7.74327e-05
30.1 17.1884 6.43696e-05
30.12 33.7026 -6.17264e-05
30.14 58.8191 6.05537e-05
30.16 75.6097 -6.00339e-05
30.18 91.4143 7.15352e-05
30.2 81.7426 -7.23285e-05
30.22 66.1062 8.06468e-05
30.24 46.3352 -6.01301e-05
30.26 13.1693 6.56157e-05
30.28 -15.8218 -5.79694e-05
30.3 -30.273 7.26003e-05
30.32 -34.1986 -7.19358e-05
30.34 -37.192 6.94966e-05
30.36 -39.7002 -6.66542e-05
30.38 -49.7792 5.47952e-05
30.4 -62.4978 -6.92745e-05
30.42 -60.7921 6.29868e-05
30.44 -46.0335 -7.49285e-05
30.46 -30.9943 5.7022e-05
30.48 -7.44812 -6.6342e-05
30.5 16.0932 6.0482e-05
30.52 34.6548 -7.23374e-05
30.54 41.0182 7.50089e-05
30.56 53.714 -6.57023e-05
30.58 47.8704 6.63613e-05
30.6 38.019 -5.12636e-05
30.62 27.7959 7.27084e-05
30.64 17.7619 -6.7688e-05
30.66 18.2943 7.67971e-05
30.68 18.5096 -5.80615e-05
30.7 9.38384 6.38785e-05
30.72 -0.494779 -6.28927e-05
30.74 -12.1572 6.60602e-05
30.76 -16.6013 -7.82013e-05
30.78 -14.5137 6.60913e-05
30.8 -13.3245 -7.01831e-05
30.82 -15.5973 5.60516e-05
30.84 -26.4279 -6.96156e-05
30.86 -35.4618 6.25919e-05
30.88 -46.356 -7.08526e-05
30.9 -56.9879 6.55253e-05
30.92 -54.2779 -6.23678e-05
30.94 -44.861 6.13998e-05
30.96 -37.7675 -6.48762e-05
30.98 -27.5495 7.6663e-05
31 -32.2014 -7.05843e-05
31.02 -39.1628 6.71833e-05
31.04 -47.1017 -5.7012e-05
31.06 -49.6116 6.40457e-05
31.08 -29.8377 -6.86733e-05
31.1 -13.1317 6.74049e-05
31.12 13.1561 -6.99882e-05
31.14 35.2118 5.79882e-05
31.16 63.1264 -6.41714e-05
31.18 64.296 6.41454e-05
31.2 42.2243 -7.36401e-05
31.22 28.7297 6.97419e-05
31.24 3.395 -6.53718e-05
31.26 -0.43936 6.76883e-05
31.28 11.0681 -6.38853e-05
31.3 19.4638 7.15299e-05
31.32 23.5891 -6.64186e-05
31.34 26.2253 7.09421e-05
31.36 23.223 -6.12071e-05
31.38 18.3101 7.07549e-05
31.4 12.0751 -6.70642e-05
31.42 2.30656 6.62836e-05
31.44 -6.89482 -6.24443e-05
31.46 -16.1356 6.09381e-05
31.48 -28.9219 -7.18629e-05
31.5 -42.9467 6.58018e-05
31.52 -56.5286 -6.71871e-05
31.54 -59.4173 5.75819e-05
31.56 -54.2053 -6.59459e-05
31.58 -34.347 6.51157e-05
31.6 -8.52779 -7.27575e-05
31.62 3.09807 6.49175e-05
31.64 7.35322 -6.40963e-05
31.66 12.9364 6.37948e-05
31.68 17.735 -6.2993e-05
31.7 25.7005 7.14265e-05
31.72 31.4921 -6.5228e-05
31.74 23.724 7.16122e-05
31.76 12.5365 -6.219e-05
31.78 3.30592 6.58671e-05
31.8 2.70883 -6.3191e-05
31.82 2.65869 6.88017e-05
31.84 -0.441372 -6.97915e-05
31.86 -6.21367 6.61755e-05
31.88 -10.7676 -6.61591e-05
31.9 -13.0261 6.17314e-05
31.92 -14.9971 -6.8494e-05
31.94 -19.3891 6.5543e-05
31.96 -23.147 -7.15763e-05
31.98 -27.2044 6.20405e-05
32 -31.7395 -6.56276e-05
32.02 -41.2282 6.31761e-05
32.04 -51.4016 -6.51686e-05
32.06 -45.0478 6.76933e-05
32.08 -34.1424 -6.5283e-05
32.1 -10.9071 6.69787e-05
32.12 8.33198 -6.44444e-05
32.14 9.97677 6.62463e-05
32.16 14.2647 -6.70048e-05
32.18 17.0729 6.7486e-05
32.2 22.1637 -6.57147e-05
32.22 16.1647 6.56148e-05
32.24 7.78891 -6.55748e-05
32.26 -0.248376 6.86692e-05
32.28 -10.8708 -6.81436e-05
32.3 -21.236 6.57778e-05
32.32 -29.8126 -6.40579e-05
32.34 -18.1443 6.30877e-05
32.36 -5.21672 -6.72545e-05
32.38 4.19203 6.86736e-05
32.4 11.8362 -6.91124e-05
32.42 20.2608 6.51568e-05
32.44 25.2314 -6.32152e-05
32.46 20.2815 6.38504e-05
32.48 16.1604 -6.54247e-05
32.5 11.3655 6.87102e-05
32.52 8.64352 -6.72226e-05
32.54 5.78729 6.5889e-05
32.56 5.86001 -6.16445e-05
32.58 6.64736 6.64007e-05
32.6 7.42779 -6.60358e-05
32.62 7.10644 6.92906e-05
32.64 5.72041 -6.6096e-05
32.66 4.89676 6.32054e-05
32.68 2.11113 -6.2086e-05
32.7 -4.57451 6.46746e-05
32.72 -10.3871 -6.90851e-05
32.74 -17.3827 6.6467e-05
32.76 -22.099 -6.53999e-05
32.78 -17.5758 6.15087e-05
32.8 -12.03 -6.51115e-05
32.82 -3.5768 6.65847e-05
32.84 5.48847 -7.08579e-05
32.86 13.6493 6.80938e-05
32.88 23.8402 -6.51712e-05
32.9 23.0318 6.22117e-05
32.92 13.6385 -6.07243e-05
32.94 6.35327 6.53043e-05
32.96 -0.588466 -6.39558e-05
32.98 -3.12084 6.84529e-05
33 -7.1789 -6.30383e-05
33.02 -4.15942 6.46437e-05
33.04 -2.85406 -6.42216e-05
33.06 2.07593 6.60793e-05
33.08 5.6282 -6.73192e-05
33.1 10.3741 6.58586e-05
33.12 10.0047 -6.5115e-05
33.14 7.84194 6.27599e-05
33.16 5.71941 -6.72235e-05
33.18 5.43566 6.61337e-05
33.2 7.49156 -6.79259e-05
33.22 8.25014 6.49192e-05
33.24 10.5981 -6.55317e-05
33.26 9.70223 6.68284e-05
33.28 5.03294 -6.50046e-05
33.3 1.16829 6.68514e-05
33.32 -3.7121 -6.32678e-05
33.34 -7.94364 6.72832e-05
33.36 -7.42846 -6.4614e-05
33.38 -5.32578 6.53495e-05
33.4 3.03462 -6.40232e-05
33.42 12.162 6.35042e-05
33.44 17.4663 -6.55558e-05
33.46 14.994 6.50263e-05
33.48 14.9017 -6.7362e-05
33.5 22.1825 6.60973e-05
33.52 31.4789 -6.66613e-05
33.54 33.2324 6.27594e-05
33.56 22.361 -6.36316e-05
33.58 13.5326 6.6243e-05
33.6 7.14018 -6.87948e-05
33.62 5.04897 6.81331e-05
33.64 0.824673 -5.78254e-05
33.66 -0.268787 5.66234e-05
33.68 -5.99464 -5.77361e-05
33.7 -14.1772 6.77509e-05
33.72 -19.8126 -7.51469e-05
33.74 -11.3999 7.55215e-05
33.76 -5.41554 -7.12049e-05
33.78 3.29669 6.16002e-05
33.8 5.93273 -6.2189e-05
33.82 7.43857 6.52372e-05
33.84 8.56695 -7.81104e-05
33.86 9.14608 6.97216e-05
33.88 12.5401 -6.16011e-05
33.9 22.1985 5.40938e-05
33.92 21.2364 -6.1257e-05
33.94 19.2473 7.33503e-05
33.96 17.1106 -7.01233e-05
33.98 13.7236 6.48526e-05
34 12.5492 -5.05363e-05
34.02 18.4602 5.94222e-05
34.04 23.1571 -6.56023e-05
34.06 27.7055 7.65008e-05
34.08 23.263 -7.02894e-05
34.1 20.3153 6.57481e-05
34.12 16.5619 -6.01468e-05
34.14 15.7036 6.2791e-05
34.16 13.6325 -6.95154e-05
34.18 13.3808 6.84665e-05
34.2 6.80692 -6.97403e-05
34.22 -4.26214 6.42123e-05
34.24 -14.2485 -6.36891e-05
34.26 -24.0599 6.07664e-05
34.28 -31.1101 -6.60601e-05
34.3 -38.6448 7.07472e-05
34.32 -33.079 -7.03749e-05
34.34 -27.063 6.72481e-05
34.36 -19.9295 -6.15875e-05
34.38 -12.5591 6.11205e-05
34.4 -2.63395 -6.14441e-05
34.42 11.2481 6.55267e-05
34.44 17.8592 -6.72015e-05
34.46 20.6011 6.53415e-05
34.48 23.1083 -6.44703e-05
34.5 27.6575 6.51426e-05
34.52 35.993 -6.68917e-05
34.54 45.0346 7.03366e-05
34.56 45.0638 -6.80602e-05
34.58 34.0353 6.82122e-05
34.6 26.3432 -6.56052e-05
34.62 14.7387 6.97693e-05
34.64 4.5769 -6.64634e-05
34.66 -6.44177 6.89878e-05
34.68 -16.0285 -6.30204e-05
34.7 -23.7799 6.5027e-05
34.72 -31.4496 -6.48854e-05
34.74 -38.6094 6.47232e-05
34.76 -45.9442 -6.69734e-05
34.78 -50.5023 6.16806e-05
34.8 -48.342 -6.74596e-05
34.82 -42.4131 6.01948e-05
34.84 -31.5564 -6.29443e-05
34.86 -23.0503 5.60106e-05
34.88 -9.54045 -6.9731e-05
34.9 8.75677 7.41905e-05
34.92 26.962 -7.5003e-05
34.94 37.3989 6.78289e-05
34.96 44.633 -6.16996e-05
34.98 43.4411 6.53699e-05
35 41.3499 -6.03183e-05
35.02 37.2083 7.32432e-05
35.04 28.0449 -6.6377e-05
35.06 19.8491 6.83374e-05
35.08 9.77715 -5.55825e-05
35.1 -2.63358 6.6145e-05
35.12 -13.0216 -6.61567e-05
35.14 -20.8284 6.6878e-05
35.16 -21.9185 -7.07428e-05
35.18 -22.0055 6.05391e-05
35.2 -21.5995 -6.40153e-05
35.22 -21.9383 5.94747e-05
35.24 -27.3078 -7.11754e-05
35.26 -24.1012 6.18415e-05
35.28 -19.848 -6.79327e-05
35.3 -14.5062 6.17896e-05
35.32 -4.69256 -6.44647e-05
35.34 3.84028 6.82838e-05
35.36 13.6655 -6.78848e-05
35.38 22.0135 7.03713e-05
35.4 32.2345 -5.87135e-05
35.42 32.3153 6.53352e-05
35.44 21.8295 -6.14194e-05
35.46 14.4237 7.28765e-05
35.48 4.14487 -6.76329e-05
35.5 4.06846 6.81943e-05
35.52 3.2562 -6.25486e-05
35.54 4.11753 6.26043e-05
35.56 4.7174 -6.80245e-05
35.58 2.84879 6.77761e-05
35.6 -0.434814 -7.26246e-05
35.62 -0.248558 6.11245e-05
35.64 -1.31898 -6.36017e-05
35.66 -1.2948 6.01567e-05
35.68 -1.98948 -6.87977e-05
35.7 -1.95284 6.92295e-05
35.72 -9.10389 -6.70342e-05
35.74 -16.1292 6.41864e-05
35.76 -24.2472 -6.04843e-05
35.78 -20.4214 6.77815e-05
35.8 -12.8575 -6.68375e-05
35.82 -5.59911 6.86856e-05
35.84 3.1226 -6.39096e-05
35.86 11.5051 6.5387e-05
35.88 13.8115 -6.46653e-05
35.9 13.5566 6.6352e-05
35.92 13.8594 -6.75152e-05
35.94 13.0508 6.46864e-05
35.96 11.7045 -6.77133e-05
35.98 5.40708 6.57346e-05
36 -0.0798592 -6.84558e-05
36.02 -6.54064 6.6328e-05
36.04 -10.7261 -6.64672e-05
36.06 -9.81568 6.5975e-05
36.08 -9.63455 -6.503e-05
36.1 -8.56009 6.52604e-05
36.12 -10.38 -6.30188e-05
36.14 -12.7072 6.38589e-05
36.16 -14.807 -6.45095e-05
36.18 -17.7895 6.77195e-05
36.2 -17.7684 -6.67795e-05
36.22 -15.6592 6.47829e-05
36.24 -14.1417 -6.50296e-05
36.26 -12.2223 6.62835e-05
36.28 -14.5155 -6.79362e-05
36.3 -16.3977 6.37939e-05
36.32 -18.7979 -6.38315e-05
36.34 -20.1099 6.35186e-05
36.36 -15.9301 -7.36795e-05
36.38 -12.9332 6.96759e-05
36.4 -8.76334 -6.15909e-05
36.42 -10.199 5.28685e-05
36.44 -13.0818 -5.8529e-05
36.46 -16.0966 6.96636e-05
36.48 -19.5466 -7.38878e-05
36.5 -22.2574 6.65482e-05
36.52 -16.4412 -6.03729e-05
36.54 -11.1008 6.32285e-05
36.56 -4.99891 -6.99888e-05
36.58 0.861463 7.42415e-05
36.6 6.7734 -6.90403e-05
36.62 10.4324 6.36847e-05
36.64 14.9086 -6.3898e-05
36.66 18.012 6.31595e-05
36.68 23.6383 -6.73067e-05
36.7 30.205 6.67261e-05
36.72 36.6506 -6.8398e-05
36.74 42.2402 6.71228e-05
36.76 45.945 -5.75185e-05
36.78 47.2471 5.81529e-05
36.8 47.85 -6.31353e-05
36.82 48.5644 7.65447e-05
36.84 46.0712 -6.91789e-05
36.86 43.7471 6.60586e-05
36.88 40.7901 -5.94228e-05
36.9 38.809 6.62638e-05
36.92 32.3189 -6.39993e-05
36.94 23.4912 6.91951e-05
36.96 15.1337 -6.56555e-05
36.98 11.2915 6.37733e-05
37 10.3461 -6.37858e-05
37.02 8.37382 6.39556e-05
37.04 7.48225 -6.60366e-05
37.06 3.96552 6.28128e-05
37.08 1.5582 -6.85958e-05
37.1 -1.91059 6.53976e-05
37.12 -4.92825 -6.6716e-05
37.14 -12.2026 6.50596e-05
37.16 -15.0119 -6.43978e-05
37.18 -16.025 6.58097e-05
37.2 -16.7736 -6.70232e-05
37.22 -15.6043 6.78849e-05
37.24 -15.3163 -6.48728e-05
37.26 -14.1124 6.49641e-05
37.28 -13.4834 -6.51297e-05
37.3 -12.5344 6.746e-05
37.32 -14.9691 -6.68944e-05
37.34 -17.5802 6.32188e-05
37.36 -21.2485 -6.40683e-05
37.38 -25.3409 6.2433e-05
37.4 -29.1733 -6.79353e-05
37.42 -33.3037 6.47801e-05
37.44 -36.4364 -6.78098e-05
37.46 -34.3514 6.4207e-05
37.48 -32.7962 -6.6405e-05
37.5 -30.5941 6.38101e-05
37.52 -27.8795 -6.44818e-05
37.54 -20.3625 6.51199e-05
37.56 -12.7997 -6.46531e-05
37.58 -6.08919 6.54821e-05
37.6 -1.8427 -6.4848e-05
37.62 -3.60861 6.3434e-05
37.64 -5.15744 -6.08645e-05
37.66 -7.21872 6.59385e-05
37.68 -9.60379 -7.31241e-05
37.7 -12.1293 8.00256e-05
37.72 -16.5745 -7.39647e-05
37.74 -20.1997 5.66744e-05
37.76 -24.4955 -5.28324e-05
37.78 -24.044 6.23044e-05
37.8 -20.3447 -7.91501e-05
37.82 -19.4777 7.15356e-05
37.84 -19.4872 -5.75149e-05
37.86 -19.4349 4.71787e-05
37.88 -19.8133 -5.6248e-05
37.9 -20.0007 7.00809e-05
37.92 -14.7789 -7.59337e-05
37.94 -9.65332 6.64278e-05
37.96 -3.57806 -5.89864e-05
37.98 1.18705 5.90845e-05
38 3.86199 -6.57883e-05
38.02 6.66554 7.37078e-05
38.04 9.05493 -7.06887e-05
38.06 6.37545 6.78022e-05
38.08 1.04873 -6.20565e-05
38.1 -3.47956 6.48864e-05
38.12 -9.3124 -6.77546e-05
38.14 -13.9935 6.69836e-05
38.16 -19.1409 -6.597e-05
38.18 -13.0136 6.39814e-05
38.2 -5.77062 -6.45438e-05
38.22 2.22314 6.49418e-05
38.24 10.26 -6.68439e-05
38.26 19.5982 6.53953e-05
38.28 20.8338 -6.55109e-05
38.3 14.1837 6.32738e-05
38.32 9.60371 -6.3947e-05
38.34 2.9642 6.69133e-05
38.36 1.82847 -6.6758e-05
38.38 0.00104442 6.96226e-05
38.4 -0.895792 -6.27055e-05
38.42 -1.78232 6.40704e-05
38.44 -4.59969 -6.45127e-05
38.46 -8.32347 6.61012e-05
38.48 -11.7327 -6.66797e-05
38.5 -15.632 6.43556e-05
38.52 -19.1521 -6.5434e-05
38.54 -20.0274 6.29015e-05
38.56 -19.1664 -6.50484e-05
38.58 -19.3043 6.32243e-05
38.6 -18.088 -6.4914e-05
38.62 -18.4301 6.45783e-05
38.64 -11.4558 -6.81439e-05
38.66 1.67385 6.46883e-05
38.68 12.7799 -6.49053e-05
38.7 18.0971 6.37538e-05
38.72 21.7562 -6.34498e-05
38.74 26.1461 6.7366e-05
38.76 33.7723 -6.42032e-05
38.78 40.3363 6.78035e-05
38.8 37.995 -6.41313e-05
38.82 36.1884 6.66329e-05
38.84 33.3709 -6.20101e-05
38.86 30.2366 6.5283e-05
38.88 27.1603 -6.38048e-05
38.9 24.325 6.75695e-05
38.92 23.1391 -6.47545e-05
38.94 21.8521 6.56777e-05
38.96 20.7118 -6.68813e-05
38.98 19.9612 6.06257e-05
39 18.1804 -5.48961e-05
39.02 10.2888 6.02206e-05
39.04 2.38382 -7.39886e-05
39.06 -1.79101 7.89998e-05
39.08 -0.680268 -7.08203e-05
39.1 -0.667548 5.74804e-05
39.12 1.13868 -5.56364e-05
39.14 2.02038 6.75472e-05
39.16 0.00524594 -7.60769e-05
39.18 -3.4102 7.13343e-05
39.2 -6.21602 -5.97357e-05
39.22 -10.2232 5.91715e-05
39.24 -10.5875 -6.00502e-05
39.26 -8.4265 6.69616e-05
39.28 -6.10262 -6.87355e-05
39.3 -2.58074 6.78919e-05
39.32 0.341621 -6.15622e-05
39.34 3.75074 5.7239e-05
39.36 2.96296 -6.05752e-05
39.38 0.573875 6.57623e-05
39.4 -1.41459 -6.96163e-05
39.42 -4.0852 6.77716e-05
39.44 -6.52224 -6.38366e-05
39.46 -9.07401 6.24798e-05
39.48 -10.5652 -6.62887e-05
39.5 -11.7831 7.15228e-05
39.52 -13.1629 -7.18065e-05
39.54 -14.2098 6.72413e-05
39.56 -15.7292 -5.81088e-05
39.58 -21.8891 5.40423e-05
39.6 -29.0407 -6.20275e-05
39.62 -24.0209 6.73527e-05
39.64 -16.5749 -6.92678e-05
39.66 -10.0034 6.44972e-05
39.68 -3.49187 -6.48933e-05
39.7 2.47884 6.13121e-05
39.72 8.54226 -6.62044e-05
39.74 14.1219 6.95425e-05
39.76 19.4515 -6.93004e-05
39.78 18.3555 6.57022e-05
39.8 16.6041 -6.40465e-05
39.82 14.4548 6.38807e-05
39.84 10.2568 -6.40044e-05
39.86 6.30195 6.59236e-05
39.88 1.51736 -6.57257e-05
39.9 -5.15731 6.86904e-05
39.92 -8.47145 -6.84599e-05
39.94 -6.90223 6.6294e-05
39.96 -6.03781 -6.02063e-05
39.98 -4.12679 5.85545e-05
40 -2.25668 -6.63265e-05
40.02 -0.415369 6.98889e-05
40.04 1.20667 -7.33165e-05
40.06 3.15761 6.53322e-05
40.08 3.81802 -6.42987e-05
40.1 0.875825 6.11783e-05
40.12 -1.65569 -6.54583e-05
40.14 -4.13773 6.78728e-05
40.16 -2.80819 -6.64031e-05
40.18 -1.49724 6.40647e-05
40.2 -1.46955 -6.36087e-05
40.22 -3.23614 6.50811e-05
40.24 -4.25764 -6.30232e-05
40.26 -6.538 6.42072e-05
40.28 -6.60153 -6.6524e-05
40.3 -1.95865 6.80587e-05
40.32 2.38789 -6.51532e-05
40.34 7.1923 6.23912e-05
40.36 12.4224 -6.21977e-05
40.38 17.0459 5.96594e-05
40.4 21.9531 -6.56002e-05
40.42 19.9508 6.98048e-05
40.44 17.2484 -7.33309e-05
40.46 14.0433 6.74754e-05
40.48 12.0026 -5.68003e-05
40.5 10.8595 5.85632e-05
40.52 9.61521 -6.68403e-05
40.54 8.1477 7.92837e-05
40.56 6.40012 -7.16636e-05
40.58 4.83859 6.36205e-05
40.6 3.13387 -5.88053e-05
40.62 1.27618 6.76265e-05
40.64 -0.362948 -6.83916e-05
40.66 -1.97181 6.6832e-05
40.68 -3.55087 -6.21042e-05
40.7 -4.92289 5.85823e-05
40.72 -1.23962 -5.96325e-05
40.74 2.19348 6.27153e-05
40.76 6.10912 -7.06397e-05
40.78 10.2964 7.17314e-05
40.8 14.222 -6.88846e-05
40.82 18.1368 5.95193e-05
40.84 21.1811 -5.57099e-05
40.86 24.7827 6.6274e-05
40.88 26.7829 -7.27414e-05
40.9 27.9473 7.61795e-05
40.92 29.213 -6.36216e-05
40.94 30.4556 6.03217e-05
40.96 31.3681 -6.04048e-05
40.98 32.755 7.15417e-05
41 29.448 -6.9612e-05
41.02 24.4204 6.98358e-05
41.04 17.1514 -6.28572e-05
41.06 4.24208 6.31646e-05
41.08 -4.99501 -6.60949e-05
41.1 -11.0089 6.65002e-05
41.12 -17.1021 -6.88954e-05
41.14 -21.6394 6.23183e-05
41.16 -22.4688 -6.50086e-05
41.18 -24.3885 6.24201e-05
41.2 -22.3414 -6.61599e-05
41.22 -19.595 6.28185e-05
41.24 -15.7935 -6.5365e-05
41.26 -10.4958 6.28415e-05
41.28 -4.91306 -6.48564e-05
41.3 0.0284973 6.44345e-05
41.32 5.97425 -6.42283e-05
41.34 3.71404 6.57048e-05
41.36 -2.12868 -6.3799e-05
41.38 -6.75798 6.74344e-05
41.4 -10.2268 -6.4968e-05
41.42 -12.7103 6.82852e-05
41.44 -13.5815 -6.64897e-05
41.46 -14.0681 6.59242e-05
41.48 -14.4843 -6.59845e-05
41.5 -14.77 6.41817e-05
41.52 -15.2346 -6.62397e-05
41.54 -15.5065 6.19074e-05
41.56 -15.7117 -6.58575e-05
41.58 -15.7905 6.46915e-05
41.6 -14.7621 -6.9277e-05
41.62 -13.814 6.71684e-05
41.64 -12.6377 -6.71095e-05
41.66 -11.3603 6.63344e-05
41.68 -10.4136 -6.37143e-05
41.7 -9.11587 6.38831e-05
41.72 -11.2818 -6.23652e-05
41.74 -14.3295 6.81889e-05
41.76 -17.1363 -7.1339e-05
41.78 -20.0143 7.11241e-05
41.8 -21.7953 -6.28146e-05
41.82 -23.7275 5.6045e-05
41.84 -21.8767 -5.65676e-05
41.86 -20.0607 6.09613e-05
41.88 -18.0317 -7.38263e-05
41.9 -15.7334 7.0416e-05
41.92 -12.5562 -6.87127e-05
41.94 -9.68306 5.92774e-05
41.96 -6.61722 -6.12684e-05
41.98 -3.60818 6.78779e-05
42 -0.666628 -7.52137e-05
42.02 2.39865 7.2931e-05
42.04 2.895 -6.43363e-05
42.06 2.12285 6.13355e-05
42.08 1.90562 -6.11892e-05
42.1 -0.648162 6.76498e-05
42.12 -4.05769 -6.61999e-05
42.14 -5.76439 6.73404e-05
42.16 -7.25513 -6.38252e-05
42.18 -9.14846 6.43926e-05
42.2 -10.2082 -6.58127e-05
42.22 -11.8014 6.51327e-05
42.24 -12.6893 -6.5701e-05
42.26 -12.4553 6.14447e-05
42.28 -11.8568 -6.54726e-05
42.3 -10.901 6.55492e-05
42.32 0.781061 -6.91707e-05
42.34 5.25705 6.47333e-05
42.36 6.05696 -6.44163e-05
42.38 8.64188 6.44249e-05
42.4 9.20124 -6.37549e-05
42.42 10.647 6.54731e-05
42.44 13.1228 -6.42347e-05
42.46 15.7677 6.8461e-05
42.48 18.3639 -6.6037e-05
42.5 21.0965 6.80009e-05
42.52 23.7173 -6.28434e-05
42.54 25.7982 6.45352e-05
42.56 21.391 -6.47524e-05
42.58 17.9248 6.66463e-05
42.6 13.4786 -6.29705e-05
42.62 9.11415 5.91448e-05
42.64 4.62177 -6.3904e-05
42.66 3.09893 7.07316e-05
42.68 2.67918 -7.58624e-05
42.7 1.91137 6.66127e-05
42.72 1.6979 -5.6782e-05
42.74 0.0507226 5.40839e-05
42.76 -1.56533 -6.78964e-05
42.78 -3.33658 7.68841e-05
42.8 -5.2286 -7.56867e-05
42.82 -6.60615 6.37695e-05
42.84 -6.66872 -5.69161e-05
42.86 -5.6243 6.01635e-05
42.88 -0.85194 -6.77116e-05
42.9 2.93539 7.12083e-05
42.92 7.89389 -6.55526e-05
42.94 9.71396 5.851e-05
42.96 11.0091 -5.61535e-05
42.98 12.0344 5.91279e-05
43 12.9183 -7.02251e-05
43.02 13.54 7.46591e-05
43.04 14.58 -7.02953e-05
43.06 13.3895 6.46099e-05
43.08 11.1767 -6.39532e-05
43.1 4.51463 6.58935e-05
43.12 -1.49647 -5.93583e-05
43.14 -8.86521 6.11722e-05
43.16 -12.0799 -6.52786e-05
43.18 -10.9355 6.81868e-05
43.2 -10.7337 -6.42927e-05
43.22 -9.49144 6.21695e-05
43.24 -8.39484 -6.65055e-05
43.26 -7.37997 6.87623e-05
43.28 -6.32244 -7.21147e-05
43.3 -4.41215 6.81587e-05
43.32 0.878281 -6.67565e-05
43.34 5.53052 6.25696e-05
43.36 10.0972 -6.46684e-05
43.38 8.1293 6.31424e-05
43.4 7.05814 -6.68536e-05
43.42 4.7841 7.02085e-05
43.44 2.90203 -6.73613e-05
43.46 0.511247 6.387e-05
43.48 -0.216789 -6.07834e-05
43.5 0.146474 6.60955e-05
43.52 0.323207 -6.70887e-05
43.54 0.856485 6.68524e-05
43.56 1.38128 -6.37161e-05
43.58 1.17141 6.23588e-05
43.6 0.254212 -6.44568e-05
43.62 -0.468634 6.55153e-05
43.64 -1.18048 -6.85803e-05
43.66 0.279924 6.60377e-05
43.68 1.35473 -6.60541e-05
43.7 2.76712 6.39785e-05
43.72 4.33174 -6.53256e-05
43.74 5.14843 7.21965e-05
43.76 4.87516 -7.39917e-05
43.78 4.78545 6.87507e-05
43.8 4.15659 -5.84877e-05
43.82 3.90162 6.03951e-05
43.84 3.28937 -6.77522e-05
43.86 4.30368 7.9255e-05
43.88 7.30146 -6.91703e-05
43.9 9.68557 5.34427e-05
43.92 12.7014 -4.29266e-05
43.94 13.9407 5.75484e-05
43.96 13.3153 -7.80712e-05
43.98 13.254 8.05209e-05
44 11.5349 -6.76994e-05
44.02 6.83808 5.59081e-05
44.04 2.77452 -5.77176e-05
44.06 -1.9485 7.159e-05
44.08 -5.50285 -7.95815e-05
44.1 -5.4013 7.56541e-05
44.12 -5.84231 -6.08682e-05
44.14 -5.73452 5.80195e-05
44.16 -5.62866 -6.27027e-05
44.18 -7.31859 7.01102e-05
44.2 -9.35811 -7.16422e-05
44.22 -10.2298 6.8121e-05
44.24 -10.0411 -6.31946e-05
44.26 -9.85592 6.14773e-05
44.28 -9.48973 -6.35604e-05
44.3 -9.13048 6.52913e-05
44.32 -9.88333 -6.75456e-05
44.34 -12.4039 6.63078e-05
44.36 -14.325 -6.53691e-05
44.38 -16.9478 5.89943e-05
44.4 -17.0034 -5.99894e-05
44.42 -16.5058 6.85439e-05
44.44 -16.2012 -7.84826e-05
44.46 -15.3493 7.64994e-05
44.48 -14.6978 -6.38538e-05
44.5 -14.0582 5.31758e-05
44.52 -13.4299 -6.01947e-05
44.54 -12.6911 7.26572e-05
44.56 -12.0884 -7.95233e-05
44.58 -11.4966 7.0612e-05
44.6 -10.7318 -5.84303e-05
44.62 -7.83096 5.65755e-05
44.64 -4.98347 -6.56887e-05
44.66 -2.74169 7.11825e-05
44.68 -2.87529 -7.21062e-05
44.7 -2.47825 6.47856e-05
44.72 -2.59221 -6.06669e-05
44.74 -2.72877 6.20939e-05
44.76 -1.97806 -6.52718e-05
44.78 0.392609 6.79482e-05
44.8 1.10409 -6.62051e-05
44.82 1.26793 6.45656e-05
44.84 1.60086 -6.39453e-05
44.86 1.57118 6.40844e-05
44.88 1.72046 -6.52164e-05
44.9 3.6667 6.64533e-05
44.92 5.39284 -6.58764e-05
44.94 7.09318 6.65216e-05
44.96 7.85923 -6.4905e-05
44.98 8.43287 6.48819e-05
45 8.99606 -6.49891e-05
45.02 9.53645 6.64729e-05
45.04 11.3262 -6.83764e-05
45.06 13.8201 6.81939e-05
45.08 16.0837 -6.59816e-05
45.1 18.4898 6.40351e-05
45.12 20.8516 -6.19068e-05
45.14 23.1696 6.13383e-05
45.16 25.6295 -6.57433e-05
45.18 26.0166 6.99798e-05
45.2 21.4208 -6.4896e-05
45.22 17.9541 6.3089e-05
45.24 13.1388 -6.37934e-05
45.26 10.9307 7.1636e-05
45.28 9.99194 -6.83527e-05
45.3 8.94763 6.7784e-05
45.32 8.4141 -6.67703e-05
45.34 7.70604 7.02496e-05
45.36 7.0109 -6.4941e-05
45.38 6.51296 6.14207e-05
45.4 5.90158 -6.10641e-05
45.42 5.23961 6.25343e-05
45.44 4.59014 -6.90111e-05
45.46 3.06807 6.58785e-05
45.48 2.11459 -6.25125e-05
45.5 -0.615005 6.11668e-05
45.52 -4.37529 -6.50913e-05
45.54 -8.06634 6.8537e-05
45.56 -10.6448 -6.72476e-05
45.58 -10.7556 6.72569e-05
45.6 -11.6629 -6.34069e-05
45.62 -11.632 6.33904e-05
45.64 -12.8301 -6.57555e-05
45.66 -16.4021 7.11549e-05
45.68 -19.1096 -6.99038e-05
45.7 -15.747 6.45117e-05
45.72 -13.1222 -6.13851e-05
45.74 -9.62461 6.28504e-05
45.76 -5.85329 -7.41706e-05
45.78 -4.84824 7.15e-05
45.8 -4.93714 -6.56639e-05
45.82 -4.66801 5.4648e-05
45.84 -4.39741 -5.98767e-05
45.86 -1.62589 6.57058e-05
45.88 0.7397 -7.01546e-05
45.9 2.34035 6.78748e-05
45.92 2.48141 -6.38031e-05
45.94 3.3325 6.39361e-05
45.96 3.0929 -6.41781e-05
45.98 5.90452 6.97015e-05
46 12.4544 -6.79877e-05
46.02 17.7531 7.07105e-05
46.04 17.9783 -6.75671e-05
46.06 18.1996 6.39816e-05
46.08 18.0482 -6.19103e-05
46.1 16.4252 6.54705e-05
46.12 14.3408 -6.95249e-05
46.14 12.2949 6.7765e-05
46.16 11.1465 -6.59731e-05
46.18 10.6337 6.08735e-05
46.2 9.70056 -5.86345e-05
46.22 9.33715 6.41708e-05
46.24 8.42783 -6.91876e-05
46.26 4.15665 6.79426e-05
46.28 -0.772825 -6.20131e-05
46.3 -5.42714 6.42609e-05
46.32 -10.7327 -6.50627e-05
46.34 -15.5718 6.91874e-05
46.36 -20.2602 -6.93782e-05
46.38 -17.5521 6.78174e-05
46.4 -13.1126 -6.34733e-05
46.42 -8.93935 6.24912e-05
46.44 -3.73723 -6.5646e-05
46.46 1.17824 6.38246e-05
46.48 4.90992 -6.86024e-05
46.5 5.18788 6.75986e-05
46.52 6.38205 -6.94344e-05
46.54 6.63296 6.3069e-05
46.56 7.00207 -5.92057e-05
46.58 7.24117 6.50694e-05
46.6 7.66063 -7.05525e-05
46.62 7.88792 7.48006e-05
46.64 8.11086 -6.53701e-05
46.66 5.8113 6.12581e-05
46.68 2.62058 -5.92379e-05
46.7 -0.302785 6.86702e-05
46.72 -3.89073 -6.95421e-05
46.74 -5.61261 6.71781e-05
46.76 -5.87147 -6.02469e-05
46.78 -6.83825 5.94213e-05
46.8 -6.712 -6.61951e-05
46.82 -8.36353 6.65879e-05
46.84 -10.912 -6.92663e-05
46.86 -13.2293 6.18416e-05
46.88 -15.8723 -6.3676e-05
46.9 -18.0982 6.5214e-05
46.92 -18.3172 -6.97383e-05
46.94 -18.8391 6.95856e-05
46.96 -19.0445 -6.44865e-05
46.98 -19.2459 6.0394e-05
47 -19.2593 -6.11144e-05
47.02 -17.7983 6.73049e-05
47.04 -16.5486 -7.11951e-05
47.06 -15.199 6.84499e-05
47.08 -13.6286 -6.2018e-05
47.1 -12.1488 5.78818e-05
47.12 -10.696 -6.16404e-05
47.14 -8.84017 6.59439e-05
47.16 -7.26422 -7.12291e-05
47.18 -5.53308 6.57451e-05
47.2 -3.9567 -6.3379e-05
47.22 -2.63065 6.20906e-05
47.24 -1.86328 -6.69269e-05
47.26 -0.75393 6.81863e-05
47.28 -0.0213002 -6.83331e-05
47.3 0.875935 6.5417e-05
47.32 1.75668 -6.3254e-05
47.34 2.44473 6.5577e-05
47.36 1.50097 -6.6041e-05
47.38 0.576338 6.75296e-05
47.4 -0.51541 -6.52932e-05
47.42 -1.04038 6.51479e-05
47.44 1.31313 -6.38873e-05
47.46 3.44316 6.49778e-05
47.48 5.89396 -6.65533e-05
47.5 8.29762 6.61784e-05
47.52 10.9949 -6.54924e-05
47.54 11.8977 6.31555e-05
47.56 10.7569 -6.3909e-05
47.58 9.69832 6.47099e-05
47.6 8.59809 -6.61167e-05
47.62 6.11122 6.85656e-05
47.64 3.12357 -6.99893e-05
47.66 0.19126 6.4482e-05
47.68 -1.60594 -5.82248e-05
47.7 -2.47339 6.08863e-05
47.72 -4.74337 -6.70449e-05
47.74 -9.32451 7.15659e-05
47.76 -13.1454 -7.08087e-05
47.78 -18.0626 6.26798e-05
47.8 -16.8695 -5.76884e-05
47.82 -12.9342 5.80182e-05
47.84 -9.86961 -6.72166e-05
47.86 -5.32633 7.02872e-05
47.88 -1.65902 -6.89617e-05
47.9 2.49957 6.11948e-05
47.92 6.04709 -6.00484e-05
47.94 7.37279 6.39567e-05
47.96 8.85246 -6.98627e-05
47.98 11.0541 7.1121e-05
48 14.9659 -6.58157e-05
48.02 17.3925 6.41038e-05
48.04 17.7475 -6.39319e-05
48.06 18.3414 7.18411e-05
48.08 18.3715 -7.44984e-05
48.1 18.4014 6.78734e-05
48.12 18.3691 -5.55757e-05
48.14 18.3984 5.55547e-05
48.16 18.2435 -5.96851e-05
48.18 17.231 6.75677e-05
48.2 16.3603 -6.83281e-05
48.22 15.1372 6.74084e-05
48.24 14.305 -6.49031e-05
48.26 14.4098 6.34402e-05
48.28 14.5126 -6.40767e-05
48.3 14.6132 6.87522e-05
48.32 14.8967 -7.03045e-05
48.34 14.8061 6.98518e-05
48.36 12.8744 -6.51278e-05
48.38 11.4083 6.23649e-05
48.4 9.41641 -6.42372e-05
48.42 8.68976 6.69818e-05
48.44 8.5295 -6.508e-05
48.46 8.18776 6.45658e-05
48.48 8.0368 -6.06685e-05
48.5 7.7042 6.36762e-05
48.52 7.5621 -6.59841e-05
48.54 7.05404 6.75715e-05
48.56 5.51114 -6.44899e-05
48.58 4.30373 6.35365e-05
48.6 2.99586 -6.36261e-05
48.62 1.30652 6.48511e-05
48.64 -0.689432 -6.77406e-05
48.66 -2.47661 6.51345e-05
48.68 -4.40581 -6.48076e-05
48.7 -6.47767 6.38134e-05
48.72 -7.6174 -6.55154e-05
48.74 -6.03951 6.53505e-05
48.76 -4.85121 -6.704e-05
48.78 -3.32608 6.5704e-05
48.8 -1.64913 -6.44062e-05
48.82 -2.8719 6.42309e-05
48.84 -5.1531 -6.39358e-05
48.86 -6.85797 6.55779e-05
48.88 -6.19084 -6.56385e-05
48.9 -5.89849 6.5718e-05
48.92 -5.07092 -6.32927e-05
48.94 -4.43687 6.42209e-05
48.96 -3.45812 -6.63581e-05
48.98 -3.75372 6.59305e-05
49 -4.94065 -6.66675e-05
49.02 -5.74637 6.48331e-05
49.04 -6.89963 -6.49215e-05
49.06 -6.95056 6.30602e-05
49.08 -4.66615 -6.46851e-05
49.1 -2.78641 6.52596e-05
49.12 -0.57885 -6.58236e-05
49.14 1.58795 6.53904e-05
49.16 1.55871 -6.29148e-05
49.18 0.633009 6.26763e-05
49.2 0.0809091 -6.28263e-05
49.22 0.435623 6.59197e-05
49.24 1.14633 -6.63576e-05
49.26 2.02201 6.61942e-05
49.28 2.52525 -6.50986e-05
49.3 1.75992 6.48535e-05
49.32 1.00878 -6.53617e-05
49.34 0.990102 6.54718e-05
49.36 2.77177 -6.60151e-05
49.38 4.3423 6.57134e-05
49.4 6.04369 -6.45684e-05
49.42 5.07216 6.44832e-05
49.44 4.42576 -6.58602e-05
49.46 3.42266 6.56468e-05
49.48 2.29067 -6.41814e-05
49.5 1.16722 6.48447e-05
49.52 0.0707886 -6.41242e-05
49.54 -0.108677 6.55489e-05
49.56 -0.290962 -6.3998e-05
49.58 -0.820089 6.3042e-05
49.6 -5.8359 -6.44278e-05
49.62 -10.7654 6.42681e-05
49.64 -15.2353 -6.49925e-05
49.66 -15.5071 6.38883e-05
49.68 -16.2652 -6.44389e-05
49.7 -16.3338 6.43902e-05
49.72 -16.4009 -6.60324e-05
49.74 -16.2826 6.59983e-05
49.76 -16.5351 -6.59782e-05
49.78 -15.1244 6.21303e-05
49.8 -11.7739 -6.06982e-05
49.82 -9.22264 6.47244e-05
49.84 -6.01782 -7.08478e-05
49.86 -5.55045 7.52669e-05
49.88 -5.62652 -6.80098e-05
49.9 -5.88497 5.8408e-05
49.92 -6.29228 -5.64766e-05
49.94 -6.54486 6.00473e-05
49.96 -4.10181 -6.70002e-05
49.98 -0.973357 6.75728e-05
50 1.74117 -6.11952e-05
50.02 5.30258 5.26911e-05
50.04 6.43987 -5.7813e-05
50.06 4.00494 7.16701e-05
50.08 2.31535 -7.58734e-05
50.1 -0.241047 7.02922e-05
50.12 -0.595915 -6.45824e-05
50.14 -0.225564 6.70759e-05
50.16 0.137363 -7.03672e-05
50.18 0.852312 7.12712e-05
50.2 1.3772 -6.68236e-05
50.22 1.89231 6.22442e-05
50.24 2.57625 -6.02401e-05
50.26 1.98805 6.30327e-05
50.28 1.23274 -6.61682e-05
50.3 0.491243 6.6228e-05
50.32 -0.415977 -6.51454e-05
50.34 -1.1258 6.18354e-05
50.36 -1.64554 -6.19276e-05
50.38 -1.6153 6.60331e-05
50.4 -1.76363 -6.68556e-05
50.42 -1.90924 6.46931e-05
50.44 -4.03004 -6.09013e-05
50.46 -5.93362 5.77119e-05
50.48 -8.18879 -6.02507e-05
50.5 -10.3722 6.90428e-05
50.52 -12.5152 -7.4163e-05
50.54 -13.5127 6.90051e-05
50.56 -10.1921 -6.24415e-05
50.58 -7.85432 6.0245e-05
50.6 -4.4904 -7.08686e-05
50.62 -1.53279 7.47827e-05
50.64 2.08888 -7.27372e-05
50.66 1.33174 6.06781e-05
50.68 -4.07995 -5.70875e-05
50.7 -7.95465 6.1435e-05
50.72 -14.0734 -6.778e-05
50.74 -12.9539 6.75708e-05
50.76 -3.53747 -6.51564e-05
50.78 2.45255 6.41673e-05
50.8 13.1663 -6.39586e-05
50.82 6.83596 6.51731e-05
50.84 -8.7639 -6.72212e-05
50.86 -21.5022 6.5556e-05
50.88 -37.4453 -6.40713e-05
50.9 -30.3047 6.5129e-05
50.92 -13.4057 -6.66441e-05
50.94 -12.6056 6.51054e-05
50.96 -9.85441 -6.57627e-05
50.98 -12.0069 6.30234e-05
51 1.49548 -6.56721e-05
51.02 19.4539 6.55602e-05
51.04 39.9192 -6.8805e-05
51.06 29.8457 6.78548e-05
51.08 3.95599 -6.55146e-05
51.1 -16.6033 6.61118e-05
51.12 -14.8226 -6.33894e-05
51.14 -5.39644 6.64884e-05
51.16 2.76438 -6.5411e-05
51.18 15.6605 6.78573e-05
51.2 22.1902 -6.37892e-05
51.22 5.25045 6.36875e-05
51.24 -9.95154 -6.31556e-05
51.26 -22.1765 6.46958e-05
51.28 -8.9903 -6.781e-05
51.3 -0.378095 6.58029e-05
51.32 -3.04329 -6.75009e-05
51.34 -12.877 6.48939e-05
51.36 -11.9023 -6.63452e-05
51.38 -5.60144 6.38827e-05
51.4 -0.473097 -6.46833e-05
51.42 0.973029 6.34024e-05
51.44 1.49567 -6.39536e-05
51.46 5.78029 6.42245e-05
51.48 9.80159 -6.55992e-05
51.5 15.5547 6.72877e-05
51.52 12.9335 -6.4425e-05
51.54 6.58273 6.69219e-05
51.56 0.355379 -6.31441e-05
51.58 -5.73876 6.4587e-05
51.6 -14.4785 -6.36219e-05
51.62 -7.20861 6.48159e-05
51.64 11.9672 -6.4603e-05
51.66 24.5233 6.3207e-05
51.68 19.771 -6.58421e-05
51.7 13.0792 6.62529e-05
51.72 6.40024 -6.67341e-05
51.74 -3.77973 6.51055e-05
51.76 -4.77883 -6.47954e-05
51.78 -0.384633 6.45138e-05
51.8 2.31432 -6.61267e-05
51.82 3.3515 6.68581e-05
51.84 0.955402 -6.54554e-05
51.86 0.219039 6.43464e-05
51.88 -2.30352 -6.38137e-05
51.9 -0.283144 6.56798e-05
51.92 1.33766 -6.56373e-05
51.94 3.46909 6.60938e-05
51.96 6.8144 -6.54477e-05
51.98 11.7319 6.57665e-05
52 16.7369 -6.59532e-05
52.02 18.0252 6.30347e-05
52.04 11.9187 -6.59462e-05
52.06 7.21451 6.89844e-05
52.08 0.990718 -6.88085e-05
52.1 -5.31461 6.3372e-05
52.12 -5.92298 -5.67684e-05
52.14 3.33256 6.00125e-05
52.16 8.86737 -7.03851e-05
52.18 19.0853 7.02918e-05
52.2 14.0646 -6.55684e-05
52.22 4.11786 5.84431e-05
52.24 -5.65764 -5.60563e-05
52.26 -7.35945 6.00528e-05
52.28 -4.52041 -6.76927e-05
52.3 -2.10285 7.73259e-05
52.32 -2.42672 -7.51527e-05
52.34 -10.6192 6.28784e-05
52.36 -12.5733 -5.93184e-05
52.38 -12.5257 6.35235e-05
52.4 -12.6631 -7.01981e-05
52.42 -11.8767 6.84014e-05
52.44 -11.3505 -6.70496e-05
52.46 -8.62261 6.34398e-05
52.48 -5.02367 -6.54564e-05
52.5 -1.88396 6.44015e-05
52.52 2.28182 -6.22478e-05
52.54 7.80797 6.06705e-05
52.56 13.2233 -6.56213e-05
52.58 13.7164 6.67945e-05
52.6 10.3922 -6.5324e-05
52.62 10.7533 6.37916e-05
52.64 10.5549 -6.24767e-05
52.66 10.913 6.53902e-05
52.68 6.38097 -6.07691e-05
52.7 0.335276 6.02109e-05
52.72 -5.59829 -6.35607e-05
52.74 -12.1602 7.22689e-05
52.76 -16.6045 -7.66029e-05
52.78 -14.3322 6.79793e-05
52.8 -13.1465 -6.10016e-05
52.82 -10.7542 6.17556e-05
52.84 -11.7842 -7.06678e-05
52.86 -11.9354 7.15058e-05
52.88 -13.1895 -6.9893e-05
52.9 -8.58482 5.83608e-05
52.92 -4.12641 -5.84064e-05
52.94 1.32458 6.29078e-05
52.96 2.73888 -6.73272e-05
52.98 1.79026 6.8652e-05
53 1.57911 -6.5434e-05
53.02 4.24054 6.33714e-05
53.04 7.57773 -6.05022e-05
53.06 10.5216 6.58544e-05
53.08 14.4432 -6.58401e-05
53.1 13.4395 6.77215e-05
53.12 9.44448 -6.49718e-05
53.14 6.37696 6.47708e-05
53.16 2.48768 -6.51786e-05
53.18 5.31662 6.78115e-05
53.2 7.0122 -7.01573e-05
53.22 10.108 6.61929e-05
53.24 11.5186 -6.12077e-05
53.26 10.6302 5.69194e-05
53.28 10.0658 -6.23455e-05
53.3 9.14285 6.68195e-05
53.32 11.8611 -6.33323e-05
53.34 16.1264 6.05727e-05
53.36 19.9448 -6.28675e-05
53.38 24.2454 7.32704e-05
53.4 23.4909 -7.11308e-05
53.42 23.3647 6.86047e-05
53.44 19.5553 -6.22053e-05
53.46 14.7101 6.63878e-05
53.48 10.446 -6.69678e-05
53.5 5.27752 6.92089e-05
53.52 2.99339 -6.58044e-05
53.54 4.38779 6.53384e-05
53.56 4.85972 -6.53104e-05
53.58 6.5514 6.41496e-05
53.6 7.84345 -6.54863e-05
53.62 9.35729 6.77052e-05
53.64 10.5975 -6.72064e-05
53.66 9.11203 6.4763e-05
53.68 5.1969 -6.39169e-05
53.7 2.39816 6.39937e-05
53.72 0.388254 -6.48672e-05
53.74 -4.28751 6.74616e-05
53.76 -4.20834 -6.56078e-05
