-4.09E+00
-3.16E+01
-2.95E+01
-2.57E+01
-2.78E+01
-3.51E+01
-4.15E+01
-3.74E+01
-3.22E+01
-2.49E+01
-2.49E+01
-3.83E+01
-5.15E+01
-5.67E+01
-4.74E+01
-4.21E+01
-3.16E+01
-2.40E+01
-1.23E+01
-1.93E+01
-3.83E+01
-5.56E+01
-5.73E+01
-1.93E+01
8.77E+00
4.12E+01
-1.43E+01
-3.74E+01
-4.21E+01
-5.94E+01
-7.60E+01
-9.50E+01
-8.95E+01
-5.03E+01
-5.76E+01
-4.77E+01
-4.80E+01
-1.96E+01
7.31E+00
4.39E+01
6.90E+01
7.37E+01
9.82E+01
1.35E+02
1.44E+02
1.23E+02
1.05E+02
7.92E+01
6.87E+01
9.91E+01
1.20E+02
1.55E+02
1.87E+02
2.14E+02
1.91E+02
1.75E+02
1.17E+02
1.17E+02
1.84E+01
-1.51E+02
-2.30E+02
-1.76E+02
-1.42E+02
-7.31E+01
-1.73E+01
3.92E+01
9.01E+01
1.46E+02
2.08E+02
2.91E+02
3.57E+02
4.47E+02
4.24E+02
3.39E+02
2.73E+02
2.61E+02
2.71E+02
2.45E+02
2.63E+02
2.90E+02
3.54E+02
9.59E+01
-4.33E+02
-6.05E+02
-5.82E+02
-5.94E+02
-5.32E+02
-5.06E+02
-5.12E+02
-5.12E+02
-5.29E+02
-4.77E+02
-3.95E+02
-3.19E+02
-2.29E+02
-1.25E+02
-4.97E+00
1.05E+02
2.30E+02
3.39E+02
4.68E+02
5.73E+02
7.05E+02
7.98E+02
8.89E+02
9.36E+02
1.00E+03
8.25E+02
6.78E+02
-3.51E+02
-6.93E+02
-4.80E+02
-5.47E+02
-3.22E+02
-2.20E+02
-5.06E+01
3.30E+01
1.56E+02
2.62E+02
3.48E+02
5.15E+02
1.68E+02
-7.69E+02
-4.53E+02
-5.06E+02
-2.95E+02
-1.69E+02
6.93E+01
-1.96E+02
-5.79E+02
-4.80E+02
-4.94E+02
-4.33E+02
-3.60E+02
-2.92E+02
-2.20E+02
-1.53E+02
-7.92E+01
-1.29E+01
5.50E+01
-2.78E+01
-1.27E+02
-2.45E+02
-2.78E+02
-2.09E+02
-1.75E+02
-9.77E+01
-3.16E+01
5.41E+01
1.23E+02
1.97E+02
-2.84E+01
-1.09E+02
-1.17E+01
3.22E+00
1.01E+02
1.65E+02
2.58E+02
3.30E+02
3.98E+02
6.40E+01
7.05E+01
2.00E+02
2.01E+02
3.86E+02
3.95E+02
5.96E+02
-2.72E+02
-3.83E+02
-2.02E+02
-1.60E+02
2.11E+01
1.97E+02
-3.13E+02
-4.36E+02
-3.13E+02
-3.39E+02
-2.23E+02
-1.63E+02
-6.29E+01
-3.68E+01
-1.97E+02
-9.47E+01
-9.85E+01
-3.19E+01
4.97E+00
8.74E+01
1.43E+02
1.78E+02
6.49E+01
-9.36E+00
-7.16E+01
2.25E+01
6.17E+01
1.66E+02
2.42E+02
3.54E+02
4.33E+02
5.09E+02
1.23E+02
8.48E+00
7.57E+01
8.57E+01
-1.61E+01
-4.30E+01
4.18E+01
6.02E+01
1.46E+02
1.89E+02
2.80E+02
3.30E+02
4.24E+02
4.77E+02
5.70E+02
5.44E+02
5.79E+02
5.18E+02
3.65E+02
-3.54E+02
-1.58E+02
-1.12E+02
-9.09E+01
-3.27E+02
-4.85E+02
-7.19E+02
-5.94E+02
-5.38E+02
-3.86E+02
-2.81E+02
-9.50E+01
4.50E+01
2.39E+02
3.86E+02
5.32E+02
-1.70E+01
-4.94E+01
8.33E+01
1.31E+02
2.87E+02
4.15E+02
5.41E+02
7.19E+02
4.94E+02
-4.04E+02
-2.92E+02
-3.19E+02
-2.65E+02
-1.37E+02
-3.65E+02
-6.17E+02
-4.74E+02
-4.94E+02
-3.83E+02
-3.25E+02
-2.26E+02
-1.49E+02
-1.59E+02
-3.51E+02
-3.54E+02
-3.39E+02
-3.36E+02
-2.10E+02
-1.60E+02
1.87E+01
-2.35E+02
-4.77E+02
-2.51E+02
-2.81E+02
-1.16E+02
-4.30E+01
9.33E+01
1.89E+02
2.56E+02
1.38E+02
5.79E+01
-7.89E+00
8.54E+01
1.30E+02
2.30E+02
3.01E+02
3.95E+02
4.71E+02
5.44E+02
3.74E+02
1.87E+02
5.96E+01
9.18E+01
1.09E+02
1.45E+02
6.87E+01
-2.46E+01
-4.91E+01
-3.30E+01
-6.70E+01
-7.25E+01
-4.59E+01
-2.02E+01
4.30E+01
1.11E+02
1.69E+02
7.46E+01
-1.20E+01
-1.25E+02
-3.89E+01
2.78E+01
6.73E+01
-3.77E+01
-1.46E+01
2.34E+01
6.14E+01
1.11E+02
1.49E+02
4.59E+01
-9.36E+00
-3.25E+01
1.46E+00
2.22E+01
1.02E+01
-2.78E+01
-1.05E+01
-4.68E+00
1.11E+01
2.49E+01
-1.64E+01
-8.89E+01
-1.23E+02
-7.13E+01
-6.90E+01
-5.18E+01
-3.77E+01
-5.26E+00
5.94E+01
-3.16E+01
-2.66E+01
-9.94E+00
-3.10E+01
-3.25E+01
-2.89E+01
-5.85E-01
2.13E+01
6.87E+01
1.04E+02
2.06E+02
2.28E+02
5.38E+01
-7.69E+01
-3.63E+01
-1.23E+01
4.65E+01
1.40E+01
-6.40E+01
-1.37E+02
-1.25E+02
-6.32E+01
-1.26E+01
4.65E+01
9.36E+01
1.23E+02
3.60E+01
-4.68E+01
-5.96E+01
-2.40E+01
-6.02E+01
-4.01E+01
-1.61E+01
1.55E+01
3.92E+01
7.78E+01
6.78E+01
2.31E+01
-2.34E+00
5.85E+01
1.27E+02
1.44E+02
5.58E+01
2.69E+01
-6.43E+00
-6.14E+00
1.52E+01
2.72E+01
7.46E+01
1.08E+02
1.54E+02
1.58E+02
1.24E+02
1.16E+02
1.63E+02
2.21E+02
1.07E+02
1.20E+02
2.87E+01
-5.96E+01
-7.28E+01
-1.18E+02
-1.21E+02
-1.38E+02
-1.27E+02
-1.34E+02
-1.67E+01
5.20E+01
-6.08E+01
-1.44E+02
-1.55E+02
-1.06E+02
-1.18E+02
-9.01E+01
-9.24E+01
-7.75E+01
-7.75E+01
-7.87E+01
-1.01E+02
-9.04E+01
-6.35E+01
-2.28E+01
2.54E+01
8.22E+01
9.06E+01
1.05E+02
9.97E+01
1.05E+02
8.39E+01
8.92E+01
3.27E+01
6.26E+01
3.98E+01
1.12E+02
-2.52E+02
-3.95E+02
-3.92E+02
-3.95E+02
-3.48E+02
-3.04E+02
-2.42E+02
-1.90E+02
-1.30E+02
-7.54E+01
-1.75E+01
-2.66E+01
-5.32E+01
-4.30E+01
2.49E+01
4.77E+01
1.46E+01
7.72E+01
1.70E+02
2.54E+02
3.51E+02
4.97E+02
3.25E+02
-3.22E+02
-1.07E+02
-1.30E+02
-6.90E+01
-2.81E+02
-1.92E+02
-1.75E+02
-1.96E+02
-1.61E+02
-7.89E+00
1.11E+02
3.13E+02
4.88E+02
2.77E+02
1.19E+02
1.95E+02
3.86E+01
-2.78E+01
-1.52E+02
-2.42E+02
-3.36E+02
-3.36E+02
-2.35E+02
-1.08E+02
8.48E+00
1.59E+02
3.45E+02
4.71E+02
-7.89E+01
9.94E+00
-1.64E+01
5.85E+00
4.27E+01
1.57E+02
2.33E+02
-5.99E+01
-1.73E+02
-4.94E+01
-5.12E+01
-8.19E+00
2.16E+01
1.12E+02
1.66E+02
2.20E+02
2.34E+02
1.73E+02
8.89E+01
6.73E+00
1.87E+01
-1.19E+02
-1.32E+02
-2.31E+01
4.91E+01
1.66E+02
2.72E+01
-1.61E+01
1.29E+01
-3.60E+01
-8.25E+01
-1.28E+02
-1.03E+02
-7.46E+01
-3.25E+01
5.99E+01
1.52E+02
2.50E+02
3.33E+02
2.14E+02
6.93E+01
-1.08E+02
-7.92E+01
-6.35E+01
-2.55E+02
-2.85E+02
-1.72E+02
-9.82E+01
2.25E+01
7.57E+01
1.49E+02
1.06E+02
2.37E+01
-1.64E+01
-6.11E+01
-9.27E+01
-6.96E+01
-1.10E+02
-1.61E+02
-2.11E+02
-2.35E+02
-1.53E+02
-9.94E+01
-3.22E+00
1.90E+01
-1.08E+01
-1.46E+00
-4.91E+01
-1.20E+02
-2.34E+01
2.31E+01
1.09E+02
1.80E+02
1.94E+02
7.43E+01
-1.67E+01
-1.39E+02
-1.04E+02
-7.11E+01
-1.40E+01
3.68E+01
1.11E+02
7.05E+01
-6.64E+01
-1.25E+02
-1.99E+02
-1.93E+02
-1.73E+02
-1.50E+02
-1.19E+02
-9.04E+01
-7.78E+01
-1.58E+02
-1.84E+02
-2.65E+02
-3.25E+02
-2.58E+02
-2.25E+02
-1.70E+02
-1.38E+02
-9.74E+01
-5.82E+01
5.85E+00
6.17E+01
1.26E+02
1.79E+02
2.24E+02
2.73E+02
3.13E+02
3.30E+02
3.48E+02
3.65E+02
3.89E+02
4.65E+02
5.26E+02
5.96E+02
3.63E+02
1.29E+02
-4.09E+01
-1.95E+02
-1.62E+02
-2.03E+02
-2.88E+02
-3.65E+02
-3.45E+02
-3.07E+02
-2.69E+02
-2.17E+02
-2.37E+02
-2.49E+02
-2.51E+02
-2.52E+02
-2.55E+02
-2.54E+02
-2.59E+02
-1.57E+02
1.52E+01
6.29E+01
7.16E+01
1.70E+02
9.18E+01
6.90E+01
1.42E+02
1.72E+02
1.54E+02
1.04E+02
5.76E+01
5.82E+01
1.44E+02
1.00E+02
8.42E+01
1.26E+02
6.99E+01
2.57E+01
2.25E+01
-4.33E+01
-2.25E+01
-5.56E+00
2.19E+01
1.29E+01
-4.24E+01
-9.24E+01
-7.05E+01
-8.19E+00
5.32E+01
1.25E+02
1.28E+02
1.50E+02
1.36E+02
1.40E+02
5.64E+01
6.49E+01
8.01E+01
1.15E+02
1.47E+02
1.69E+02
1.72E+02
2.40E+02
2.33E+02
2.77E+02
1.01E+02
1.32E+01
-3.60E+01
-1.01E+02
-1.25E+02
-1.22E+02
-8.04E+01
-7.89E+01
2.16E+01
1.25E+02
-6.75E+01
-1.13E+02
-2.43E+01
4.06E+01
1.30E+02
7.89E+00
-2.04E+02
-2.33E+02
-7.34E+01
-3.95E+01
2.31E+01
-3.36E+01
-7.34E+01
-9.74E+01
-7.87E+01
-8.80E+01
-5.85E+01
-1.96E+01
-1.11E+01
3.07E+01
8.65E+01
1.01E+02
2.80E+02
2.63E+02
5.23E+01
-1.06E+02
-2.91E+02
-2.36E+02
-2.18E+02
-1.58E+02
-9.65E+01
-3.74E+01
9.06E+00
4.33E+01
1.49E+02
-6.43E+00
-1.43E+02
-1.05E+02
-2.02E+02
-1.51E+02
-1.08E+02
2.57E+01
1.85E+02
2.46E+02
3.74E+02
4.06E+02
3.48E+02
2.20E+02
6.58E+01
-2.57E+01
-6.64E+01
2.16E+01
5.29E+01
1.59E+02
1.17E+02
1.32E+01
-2.40E+01
-5.41E+01
-5.85E+00
1.75E+00
-3.42E+01
-6.14E+01
-8.86E+01
-1.50E+02
-2.13E+02
-1.69E+02
-7.78E+01
-5.20E+01
1.17E+01
2.87E+01
4.01E+01
6.46E+01
1.28E+02
2.66E+01
-1.60E+02
-1.62E+02
-7.11E+01
-2.37E+01
7.31E+01
1.20E+02
5.32E+01
-7.89E+00
-7.11E+01
-4.39E+00
7.22E+01
1.41E+02
2.29E+02
1.82E+02
9.68E+01
-4.09E+00
-5.70E+01
-7.22E+01
-6.20E+01
-3.22E+01
1.46E+01
7.05E+01
-9.94E+00
-6.32E+01
-1.38E+02
-1.06E+02
-5.70E+01
-5.26E+00
4.97E+01
-2.34E+01
1.46E+00
6.73E+01
1.09E+02
1.76E+02
1.51E+02
1.26E+02
1.01E+02
1.48E+02
1.91E+02
2.00E+02
5.03E+01
-4.97E+01
-1.54E+02
-1.94E+02
-1.13E+02
-6.49E+01
-9.65E+00
3.48E+01
-3.74E+01
-1.03E+02
-1.50E+02
-9.80E+01
-6.37E+01
-3.51E+00
4.15E+01
2.05E+01
-1.84E+01
-3.51E+01
-9.42E+01
-1.01E+02
-2.66E+01
2.13E+01
9.04E+01
1.38E+02
1.76E+02
1.68E+02
9.65E+01
-2.13E+01
-2.27E+02
-1.78E+02
-1.28E+02
-6.11E+01
9.06E+00
1.02E+02
8.57E+01
3.54E+01
9.88E+01
9.27E+01
7.43E+01
6.02E+01
5.79E+01
5.09E+01
6.14E+00
-4.21E+01
-1.00E+02
-9.91E+01
-4.24E+01
-8.19E+00
4.97E+01
-2.81E+01
-7.46E+01
-8.16E+01
-1.13E+02
-7.08E+01
-6.29E+01
-5.32E+01
-5.09E+01
-1.11E+01
-7.89E+00
-5.41E+01
-3.60E+01
2.54E+01
1.00E+02
2.03E+02
2.66E+02
2.49E+02
2.22E+02
1.50E+02
5.44E+01
4.39E+00
-5.56E+01
-4.42E+01
-2.13E+01
6.14E+00
3.77E+01
6.29E+01
7.02E+00
-3.63E+01
-9.62E+01
-1.52E+02
-2.07E+02
-1.69E+02
-1.35E+02
-8.98E+01
-4.24E+01
-2.63E+00
-5.26E+01
-9.30E+01
-1.36E+02
-1.14E+02
-1.01E+02
-9.24E+01
-1.27E+02
-1.44E+02
-1.39E+02
-1.23E+02
-1.06E+02
-8.10E+01
-7.54E+01
-4.06E+01
-1.99E+01
1.48E+02
2.11E+02
2.57E+02
2.29E+02
2.24E+02
1.28E+02
2.34E+01
3.80E+00
-3.68E+01
-4.39E+00
8.77E+00
3.04E+01
3.04E+01
5.64E+01
5.99E+01
2.16E+01
-1.64E+01
-2.11E+01
2.05E+01
3.10E+01
4.30E+01
-2.63E+00
-4.65E+01
-5.47E+01
-2.05E+00
4.53E+01
3.07E+01
-3.36E+01
-8.83E+01
-9.04E+01
-2.78E+01
-1.70E+01
1.17E+00
5.85E+00
1.46E+01
1.67E+01
2.84E+01
3.92E+01
5.18E+01
6.37E+01
7.63E+01
8.83E+01
1.01E+02
1.13E+02
1.39E+02
1.15E+02
6.96E+01
3.36E+01
-2.31E+01
-3.63E+01
1.58E+01
7.89E+00
-7.31E+01
-1.65E+02
-1.84E+02
-1.73E+02
-1.21E+02
-1.99E+01
7.95E+01
8.10E+01
-6.14E+00
-1.75E+01
-3.22E+01
-6.46E+01
-1.22E+02
-1.52E+02
-6.49E+01
8.77E+00
2.31E+01
4.06E+01
5.00E+01
7.40E+01
9.44E+01
1.14E+02
4.80E+01
-3.98E+01
-9.44E+01
-8.51E+01
-8.39E+01
-8.89E+01
-9.91E+01
-7.16E+01
-2.22E+01
3.65E+01
1.10E+02
1.18E+02
7.16E+01
4.56E+01
-1.17E+01
-4.47E+01
-8.45E+01
-9.24E+01
-3.25E+01
2.75E+01
9.80E+01
1.68E+02
1.24E+02
4.18E+01
-2.05E+00
-3.95E+01
-7.89E+01
-9.97E+01
-1.04E+02
-1.16E+02
-1.18E+02
-1.43E+02
-1.40E+02
-1.19E+02
-1.19E+02
-1.03E+02
-5.47E+01
-1.67E+01
1.29E+01
-5.56E+00
-2.11E+01
-4.94E+01
-3.36E+01
3.68E+01
1.05E+02
1.91E+02
2.09E+02
2.23E+02
2.16E+02
1.84E+02
1.42E+02
7.72E+01
-1.29E+01
-8.42E+01
-1.12E+02
-1.44E+02
-1.25E+02
-1.22E+02
-8.07E+01
-1.52E+01
6.93E+01
1.25E+02
1.77E+02
1.32E+02
8.30E+01
3.68E+01
-1.58E+01
-8.04E+01
-1.24E+02
-5.12E+01
2.92E-01
7.43E+01
1.41E+02
1.87E+02
1.62E+02
1.21E+02
5.38E+01
-1.40E+01
-8.86E+01
-1.55E+02
-2.07E+02
-2.71E+02
-2.52E+02
-1.85E+02
-1.10E+02
2.54E+01
9.04E+01
1.72E+02
1.80E+02
1.13E+02
1.03E+02
9.09E+01
7.19E+01
5.56E+00
-5.79E+01
-4.62E+01
-4.39E+00
2.89E+01
8.36E+01
1.19E+02
1.65E+02
1.55E+02
9.18E+01
4.82E+01
-7.02E+00
-5.53E+01
-8.07E+01
-1.08E+02
-1.32E+02
-1.56E+02
-1.41E+02
-1.11E+02
-8.65E+01
-5.73E+01
-5.38E+01
-4.65E+01
-3.48E+01
-1.55E+01
5.85E-01
1.73E+01
-6.73E+00
-3.27E+01
-5.99E+01
-9.42E+01
-1.13E+02
-9.97E+01
-8.39E+01
-9.59E+01
-1.19E+02
-1.42E+02
-1.65E+02
-1.88E+02
-1.62E+02
-1.30E+02
-2.34E+00
7.40E+01
1.20E+02
1.88E+02
1.69E+02
1.39E+02
1.12E+02
1.13E+02
9.94E+01
1.04E+02
2.34E+00
-7.43E+01
-1.35E+02
-1.38E+02
-6.49E+01
-1.90E+01
4.80E+01
1.04E+02
1.47E+02
1.08E+02
8.19E+01
4.62E+01
1.20E+01
-7.89E+00
6.14E+00
1.29E+01
2.89E+01
3.95E+01
2.75E+01
1.70E+01
6.43E+00
-9.06E+00
-9.06E+00
1.17E+00
-7.31E+00
-3.63E+01
-6.87E+01
-1.19E+02
-1.55E+02
-2.05E+02
-9.44E+01
-1.52E+01
2.75E+01
9.59E+01
1.40E+02
1.49E+02
1.05E+02
1.00E+02
8.95E+01
8.33E+01
7.69E+01
4.91E+01
-1.46E+00
-6.20E+01
-1.07E+02
-9.06E+01
-8.68E+01
-8.19E+01
-6.93E+01
-7.78E+01
-9.01E+01
-1.07E+02
-1.04E+02
-9.01E+01
-5.64E+01
5.56E+00
5.73E+01
4.68E+01
3.77E+01
4.09E+01
3.22E+01
3.16E+01
2.69E+01
2.60E+01
5.56E+00
-3.83E+01
-7.22E+01
-1.27E+02
-1.26E+02
-8.77E+01
-5.61E+01
-1.40E+01
2.84E+01
4.91E+01
4.33E+01
5.06E+01
2.28E+01
-1.70E+01
-6.29E+01
-6.84E+01
1.75E+01
7.66E+01
7.87E+01
2.46E+01
-1.20E+01
-6.64E+01
-2.22E+01
9.06E+00
5.32E+01
9.06E+01
1.40E+02
1.34E+02
4.85E+01
-1.70E+01
-1.16E+02
-1.30E+02
-7.05E+01
-2.95E+01
6.35E+01
7.63E+01
3.54E+01
2.34E+00
-4.91E+01
-1.12E+02
-1.65E+02
-2.28E+02
-1.81E+02
-7.49E+01
1.29E+01
1.33E+02
2.29E+02
3.22E+02
2.79E+02
1.43E+02
3.57E+01
-1.13E+02
-2.47E+02
-3.60E+02
-2.53E+02
-1.80E+02
-6.67E+01
4.39E+01
1.39E+02
9.44E+01
7.25E+01
2.78E+01
6.64E+01
9.88E+01
1.48E+02
1.74E+02
1.52E+02
1.61E+02
1.74E+02
1.80E+02
1.73E+02
1.36E+02
4.62E+01
-2.25E+01
-6.73E+01
-8.86E+01
-9.62E+01
-1.06E+02
-1.43E+02
-1.93E+02
-2.11E+02
-2.29E+02
-2.47E+02
-1.65E+02
-6.11E+01
3.74E+01
1.11E+02
1.43E+02
1.06E+02
7.31E+01
4.62E+01
1.10E+02
1.74E+02
1.84E+02
1.08E+02
6.35E+01
1.17E+01
6.73E+00
-1.81E+01
-8.36E+01
-1.11E+02
-1.34E+02
-1.48E+02
-2.27E+02
-1.84E+02
-5.53E+01
5.53E+01
1.49E+02
2.18E+02
2.19E+02
1.64E+02
1.33E+02
1.54E+02
1.86E+02
2.14E+02
2.49E+02
2.71E+02
2.85E+02
2.72E+02
2.38E+02
7.72E+01
-8.45E+01
-2.63E+02
-3.98E+02
-2.51E+02
-1.37E+02
2.37E+01
1.74E+02
2.41E+02
1.63E+02
8.80E+01
-3.22E+00
-1.11E+02
-1.01E+02
-5.85E+00
5.26E+01
1.85E+02
2.95E+02
3.27E+02
3.25E+02
2.75E+02
2.35E+02
1.78E+02
1.49E+02
6.02E+01
-5.88E+01
-1.67E+02
-2.98E+02
-3.89E+02
-3.60E+02
-3.54E+02
-2.95E+02
-2.23E+02
-1.60E+02
-1.43E+02
-1.18E+02
-8.51E+01
-5.15E+01
-4.12E+01
-2.87E+01
-1.46E+01
5.56E+00
2.34E+01
1.02E+01
-8.48E+00
-1.78E+01
-9.94E+00
-3.80E+00
2.22E+01
5.99E+01
9.56E+01
1.32E+02
1.69E+02
1.64E+02
1.36E+02
8.77E+01
3.13E+01
-1.17E+00
-9.65E+00
-2.02E+01
-2.95E+01
-5.88E+01
-5.50E+01
7.31E+00
3.92E+01
7.11E+01
7.78E+01
7.75E+01
4.53E+01
-5.56E+00
-2.78E+01
-6.32E+01
-4.88E+01
-3.51E+01
-1.87E+01
-3.77E+01
-4.77E+01
-5.64E+01
-7.08E+01
-6.90E+01
-5.12E+01
-3.63E+01
-5.41E+01
-7.75E+01
-9.44E+01
-9.82E+01
-1.33E+02
-1.26E+02
-9.77E+01
-6.23E+01
-2.02E+01
8.77E+00
8.77E-01
-2.72E+01
-2.60E+01
-4.39E+01
-4.80E+01
-6.96E+01
-9.44E+01
-1.23E+02
-1.34E+02
-1.16E+02
-1.02E+02
-7.54E+01
-5.03E+01
-5.85E+00
4.56E+01
8.30E+01
1.06E+02
1.04E+02
7.87E+01
2.95E+01
-1.32E+01
-3.65E+01
-7.16E+01
-6.70E+01
-3.68E+01
-1.99E+01
5.26E+00
2.72E+01
5.85E+01
8.36E+01
1.07E+02
9.09E+01
5.29E+01
7.02E+00
-4.56E+01
-9.33E+01
-6.40E+01
-3.45E+01
4.39E+00
4.47E+01
8.71E+01
7.11E+01
3.98E+01
2.98E+01
7.02E+00
-2.92E+00
-6.73E+00
-1.05E+01
-1.40E+01
-2.60E+01
-4.53E+01
-4.33E+01
-2.22E+01
0.00E+00
-5.85E+00
-4.33E+01
-6.58E+01
-1.09E+02
-1.07E+02
-7.34E+01
-4.80E+01
-4.09E+00
4.47E+01
8.83E+01
1.15E+02
1.19E+02
1.13E+02
9.62E+01
5.35E+01
3.65E+01
2.05E+01
-2.92E-01
-1.99E+01
-3.80E+01
-3.74E+01
-3.36E+01
-2.98E+01
-2.46E+01
-4.12E+01
-5.99E+01
-7.87E+01
-1.02E+02
-1.05E+02
-8.68E+01
-6.64E+01
5.26E+00
2.89E+01
5.94E+01
7.49E+01
5.82E+01
4.68E+01
3.13E+01
4.56E+01
5.79E+01
7.08E+01
4.12E+01
1.61E+01
-1.93E+01
-2.84E+01
-7.60E+00
4.68E+00
2.92E+01
2.75E+01
1.14E+01
0.00E+00
-1.93E+01
-2.89E+01
-3.19E+01
-3.36E+01
-3.83E+01
-4.91E+01
-5.82E+01
-3.04E+01
-2.92E+00
1.61E+01
3.77E+01
5.85E+01
5.82E+01
4.94E+01
4.18E+01
3.19E+01
3.74E+01
4.44E+01
4.01E+01
3.42E+01
2.84E+01
1.75E+01
-8.19E+00
-1.46E+01
-2.46E+01
-5.20E+01
-9.39E+01
-1.23E+02
-1.51E+02
-1.38E+02
-1.15E+02
-8.48E+01
-3.22E+01
1.46E+01
3.86E+01
4.59E+01
5.18E+01
5.70E+01
7.46E+01
9.68E+01
9.59E+01
7.37E+01
5.06E+01
1.32E+01
-2.49E+01
-5.56E+01
-6.70E+01
-8.89E+01
-8.10E+01
-6.64E+01
-5.09E+01
-3.54E+01
-3.68E+01
-3.77E+01
-2.34E+01
-7.60E+00
1.14E+01
1.90E+01
1.61E+01
1.46E+01
1.87E+01
3.68E+01
5.23E+01
7.11E+01
8.98E+01
8.71E+01
7.34E+01
6.32E+01
4.77E+01
5.61E+01
6.84E+01
8.25E+01
8.80E+01
5.73E+01
3.10E+01
-1.14E+01
-4.77E+01
-9.42E+01
-9.80E+01
-6.40E+01
-4.33E+01
-2.92E+00
3.22E+00
-1.55E+01
-2.95E+01
-3.68E+01
-4.18E+01
-3.77E+01
-3.04E+01
-2.08E+01
-5.26E+00
9.65E+00
2.49E+01
4.62E+01
6.99E+01
9.33E+01
9.97E+01
9.30E+01
6.23E+01
2.13E+01
2.63E+00
-4.39E+00
-1.37E+01
-2.19E+01
-3.54E+01
-4.56E+01
-3.39E+01
-1.64E+01
-1.75E+00
-8.77E-01
-8.77E-01
4.09E+00
1.35E+01
2.11E+01
2.51E+01
2.87E+01
3.63E+01
4.30E+01
5.03E+01
5.85E+01
7.49E+01
9.27E+01
8.39E+01
6.75E+01
3.07E+01
-2.92E-01
-3.22E+00
-1.05E+01
-1.55E+01
-2.43E+01
-1.52E+01
-2.05E+00
1.08E+01
2.81E+01
4.53E+01
5.99E+01
4.18E+01
2.13E+01
6.14E+00
-6.43E+00
-2.05E+01
-2.92E+01
-2.19E+01
-1.58E+01
-8.48E+00
-4.39E+00
0.00E+00
-2.92E-01
-1.75E+00
-3.22E+00
-2.92E+00
-8.77E-01
2.92E-01
4.68E+00
1.55E+01
2.51E+01
3.68E+01
4.50E+01
3.83E+01
2.98E+01
1.64E+01
1.75E+00
-1.17E+01
-2.87E+01
-2.81E+01
-1.35E+01
-2.05E+00
9.06E+00
1.32E+01
1.99E+01
1.52E+01
1.32E+01
5.26E+00
-5.85E-01
-8.48E+00
-8.19E+00
-4.97E+00
-1.75E+00
-1.46E+00
-4.97E+00
-6.43E+00
-1.05E+01
-9.36E+00
-2.05E+00
4.09E+00
1.20E+01
1.90E+01
1.84E+01
1.52E+01
1.75E+00
-1.32E+01
-2.22E+01
-1.87E+01
-1.90E+01
-3.13E+01
-4.71E+01
-5.09E+01
-3.42E+01
-2.05E+01
-1.05E+01
-7.31E+00
-5.85E-01
1.17E+00
1.05E+01
2.40E+01
3.36E+01
2.05E+01
1.11E+01
-2.92E+00
-7.31E+00
-9.94E+00
-1.20E+01
-1.32E+01
-1.90E+01
-3.51E+01
-3.42E+01
-3.16E+01
-2.87E+01
-2.37E+01
-2.22E+01
-3.22E+01
-4.04E+01
-4.85E+01
-4.21E+01
-3.80E+01
-3.25E+01
-3.16E+01
-2.87E+01
-2.87E+01
-1.84E+01
-5.85E-01
1.58E+01
3.22E+01
4.44E+01
5.76E+01
4.97E+01
4.09E+01
3.01E+01
1.87E+01
2.92E+00
-1.96E+01
-3.07E+01
-3.57E+01
-4.04E+01
-4.85E+01
-6.29E+01
-7.87E+01
-8.01E+01
-6.35E+01
-5.20E+01
-3.39E+01
-1.78E+01
0.00E+00
1.58E+01
2.89E+01
4.21E+01
5.47E+01
6.78E+01
7.66E+01
7.46E+01
6.64E+01
5.00E+01
3.71E+01
1.58E+01
-1.37E+01
-4.36E+01
-6.14E+01
-7.43E+01
-7.37E+01
-7.16E+01
-6.61E+01
-5.23E+01
-3.98E+01
-2.40E+01
-4.09E+00
1.29E+01
2.60E+01
2.84E+01
2.92E+01
2.92E+01
3.04E+01
3.98E+01
3.54E+01
2.92E+01
2.11E+01
5.56E+00
-8.19E+00
-2.43E+01
-3.83E+01
-5.56E+01
-5.67E+01
-4.06E+01
-2.92E+01
-1.29E+01
-1.29E+01
-1.17E+01
-1.32E+01
-1.43E+01
-1.14E+01
-6.14E+00
-6.43E+00
-4.68E+00
-4.68E+00
-3.51E+00
-3.51E+00
8.19E+00
1.99E+01
3.36E+01
2.81E+01
1.64E+01
4.97E+00
-9.06E+00
-2.28E+01
-2.69E+01
-2.69E+01
-2.78E+01
-2.69E+01
-2.51E+01
-1.52E+01
-6.43E+00
4.09E+00
1.11E+01
9.94E+00
9.94E+00
8.48E+00
1.17E+01
1.58E+01
1.96E+01
2.49E+01
2.54E+01
2.25E+01
2.05E+01
1.78E+01
2.19E+01
2.54E+01
2.98E+01
3.25E+01
2.63E+01
2.19E+01
1.55E+01
1.81E+01
2.31E+01
2.84E+01
3.45E+01
3.95E+01
3.07E+01
2.25E+01
1.29E+01
3.51E+00
-6.14E+00
-1.23E+01
-1.99E+01
-2.54E+01
-3.51E+01
-4.65E+01
-5.79E+01
-6.81E+01
-7.54E+01
-7.89E+01
-8.13E+01
-8.39E+01
-8.13E+01
-7.89E+01
-7.54E+01
-7.34E+01
-6.40E+01
-5.06E+01
-3.77E+01
-3.19E+01
-3.07E+01
-2.78E+01
-2.66E+01
-2.11E+01
-1.73E+01
-1.17E+01
-6.73E+00
5.26E+00
1.02E+01
1.23E+01
1.40E+01
1.26E+01
1.26E+01
1.11E+01
1.05E+01
9.36E+00
1.37E+01
1.84E+01
2.49E+01
3.22E+01
3.92E+01
4.68E+01
5.29E+01
5.06E+01
4.91E+01
4.65E+01
4.30E+01
3.16E+01
1.99E+01
9.36E+00
2.63E+00
5.56E+00
8.19E+00
1.17E+01
1.58E+01
2.02E+01
2.78E+01
3.42E+01
4.18E+01
4.18E+01
3.65E+01
3.57E+01
3.63E+01
3.68E+01
3.80E+01
3.89E+01
3.10E+01
2.31E+01
1.35E+01
5.85E+00
1.46E+00
-3.22E+00
-7.31E+00
-3.22E+00
5.26E+00
1.26E+01
2.22E+01
3.01E+01
3.89E+01
2.95E+01
1.81E+01
5.26E+00
-7.89E+00
-2.34E+01
-2.60E+01
-1.58E+01
-8.77E+00
1.75E+00
3.51E+00
6.43E+00
7.89E+00
9.36E+00
1.40E+01
2.02E+01
2.60E+01
3.27E+01
3.89E+01
4.09E+01
4.01E+01
4.09E+01
3.95E+01
4.06E+01
2.98E+01
8.77E+00
-9.36E+00
-1.84E+01
-2.49E+01
-3.27E+01
-4.59E+01
-5.76E+01
-5.50E+01
-5.32E+01
-4.97E+01
-4.56E+01
-4.15E+01
-3.77E+01
-3.65E+01
-3.51E+01
-3.39E+01
-3.33E+01
-3.10E+01
-1.87E+01
-6.14E+00
5.85E-01
-1.17E+00
-1.17E+00
-4.09E+00
-5.56E+00
-2.34E+00
3.22E+00
7.89E+00
1.46E+01
1.55E+01
1.23E+01
8.77E+00
3.22E+00
-1.46E+00
-7.02E+00
-5.85E+00
-2.05E+00
1.17E+00
5.56E+00
9.65E+00
1.40E+01
1.67E+01
1.90E+01
2.16E+01
2.37E+01
2.66E+01
3.71E+01
4.94E+01
4.21E+01
3.07E+01
2.05E+01
1.02E+01
5.85E-01
-9.36E+00
-1.87E+01
-2.78E+01
-2.66E+01
-2.43E+01
-2.13E+01
-1.49E+01
-8.77E+00
-1.17E+00
9.65E+00
1.52E+01
1.29E+01
1.17E+01
8.77E+00
5.85E+00
2.92E+00
2.92E-01
-2.92E+00
-4.09E+00
5.85E-01
4.68E+00
8.77E+00
6.73E+00
4.68E+00
4.68E+00
7.60E+00
9.36E+00
1.32E+01
1.35E+01
6.14E+00
-8.77E-01
-8.77E+00
-1.75E+01
-2.54E+01
-3.39E+01
-3.13E+01
-2.75E+01
-2.28E+01
-1.99E+01
-1.84E+01
-1.67E+01
-1.46E+01
-1.20E+01
-9.65E+00
-7.02E+00
-4.09E+00
-1.46E+00
1.17E+00
3.80E+00
6.14E+00
2.92E-01
-5.26E+00
-1.17E+01
-1.87E+01
-2.54E+01
-3.22E+01
-3.77E+01
-4.42E+01
-4.82E+01
-5.09E+01
-5.38E+01
-5.67E+01
-5.91E+01
-6.23E+01
-5.79E+01
-5.06E+01
-3.95E+01
-1.90E+01
-4.09E+00
5.85E+00
1.61E+01
2.40E+01
2.60E+01
2.98E+01
2.72E+01
2.34E+01
1.78E+01
9.65E+00
8.77E-01
-7.02E+00
-1.67E+01
-1.32E+01
-3.80E+00
3.80E+00
9.65E+00
1.40E+01
1.58E+01
1.70E+01
1.81E+01
1.90E+01
2.02E+01
2.11E+01
2.19E+01
2.25E+01
2.13E+01
2.02E+01
1.87E+01
1.70E+01
1.58E+01
1.40E+01
1.78E+01
2.31E+01
2.81E+01
3.33E+01
3.68E+01
4.06E+01
3.83E+01
3.60E+01
3.33E+01
3.01E+01
2.54E+01
2.11E+01
1.64E+01
1.17E+01
7.02E+00
2.05E+00
1.17E+00
2.34E+00
2.63E+00
6.73E+00
1.23E+01
1.52E+01
1.78E+01
2.11E+01
2.31E+01
2.60E+01
2.78E+01
2.78E+01
2.72E+01
2.60E+01
7.31E+00
0.00E+00
-1.46E+00
-5.85E+00
-7.02E+00
-9.65E+00
-1.40E+01
-1.87E+01
-2.34E+01
-2.84E+01
-3.33E+01
-3.74E+01
-3.10E+01
-2.60E+01
-1.93E+01
-1.26E+01
-5.56E+00
-3.22E+00
-2.63E+00
-1.46E+00
-1.17E+00
1.46E+00
4.09E+00
7.02E+00
1.02E+01
1.26E+01
1.29E+01
1.14E+01
3.80E+00
-2.34E+00
-1.05E+01
-1.37E+01
-1.61E+01
-1.81E+01
-1.99E+01
-2.13E+01
-2.34E+01
-2.19E+01
-1.87E+01
-8.19E+00
1.46E+00
1.35E+01
1.90E+01
1.75E+01
1.75E+01
1.58E+01
1.43E+01
1.29E+01
1.14E+01
8.48E+00
0.00E+00
-7.60E+00
-1.52E+01
-1.23E+01
-1.08E+01
-7.31E+00
-4.39E+00
-5.85E-01
5.85E-01
0.00E+00
-2.92E-01
-1.17E+00
-2.05E+00
-1.75E+00
-2.92E-01
8.77E-01
2.05E+00
-2.92E-01
-2.05E+00
-4.39E+00
-7.02E+00
-8.48E+00
-8.19E+00
-8.19E+00
-7.31E+00
-7.02E+00
-6.14E+00
-7.89E+00
-1.29E+01
-1.70E+01
-2.22E+01
-2.46E+01
-2.40E+01
-2.43E+01
-2.19E+01
-1.46E+01
-8.19E+00
-5.85E-01
5.26E+00
5.26E+00
6.14E+00
6.14E+00
6.14E+00
9.06E+00
1.26E+01
1.43E+01
1.43E+01
1.43E+01
1.40E+01
1.37E+01
1.52E+01
1.96E+01
2.31E+01
2.78E+01
2.84E+01
2.81E+01
2.81E+01
2.72E+01
2.66E+01
2.60E+01
2.54E+01
2.46E+01
2.40E+01
2.34E+01
2.25E+01
1.81E+01
1.37E+01
1.02E+01
1.05E+01
9.94E+00
1.02E+01
1.05E+01
9.36E+00
5.56E+00
4.39E+00
4.09E+00
3.51E+00
3.51E+00
3.22E+00
0.00E+00
-2.92E+00
-5.85E+00
-7.31E+00
-8.48E+00
-9.65E+00
-1.08E+01
-1.40E+01
-1.84E+01
-2.25E+01
-2.69E+01
-3.13E+01
-3.57E+01
-4.04E+01
-4.18E+01
-3.51E+01
-3.01E+01
-2.28E+01
-1.96E+01
-1.84E+01
-1.70E+01
-1.64E+01
-1.55E+01
-1.46E+01
-1.40E+01
-1.32E+01
-1.23E+01
-1.14E+01
-9.06E+00
-7.60E+00
-3.22E+00
2.92E+00
9.06E+00
1.35E+01
1.40E+01
1.58E+01
1.61E+01
1.84E+01
2.46E+01
2.95E+01
2.46E+01
2.08E+01
1.55E+01
9.65E+00
8.19E+00
8.48E+00
8.19E+00
7.89E+00
3.51E+00
-2.92E-01
-2.92E+00
-3.22E+00
-4.68E+00
-4.39E+00
-9.06E+00
-1.99E+01
-2.89E+01
-2.98E+01
-3.07E+01
-3.10E+01
-2.89E+01
-2.60E+01
-2.31E+01
-2.16E+01
-2.11E+01
-1.99E+01
-1.96E+01
-1.84E+01
-1.17E+01
-3.80E+00
3.80E+00
1.26E+01
2.08E+01
2.89E+01
2.51E+01
1.84E+01
1.20E+01
3.80E+00
-4.09E+00
-1.02E+01
-1.08E+01
-1.29E+01
-1.35E+01
-1.43E+01
-1.49E+01
-1.58E+01
-1.64E+01
-1.70E+01
-1.35E+01
-8.48E+00
-3.80E+00
2.05E+00
4.97E+00
5.56E+00
7.31E+00
7.31E+00
1.02E+01
1.46E+01
1.87E+01
2.34E+01
2.75E+01
2.84E+01
2.98E+01
3.07E+01
3.16E+01
3.22E+01
3.04E+01
2.89E+01
2.72E+01
2.51E+01
2.31E+01
2.11E+01
1.84E+01
1.61E+01
1.35E+01
1.11E+01
9.06E+00
7.89E+00
6.14E+00
4.97E+00
3.51E+00
2.05E+00
8.77E-01
2.34E+00
3.80E+00
5.56E+00
6.43E+00
2.63E+00
-8.77E-01
-4.97E+00
-9.06E+00
-1.37E+01
-1.55E+01
-1.40E+01
-1.26E+01
-1.11E+01
-7.31E+00
-2.63E+00
2.05E+00
4.97E+00
6.43E+00
1.02E+01
1.78E+01
2.43E+01
3.27E+01
3.13E+01
2.54E+01
2.08E+01
1.37E+01
7.89E+00
1.17E+00
-4.68E+00
-7.02E+00
-9.65E+00
-1.35E+01
-2.02E+01
-2.46E+01
-2.57E+01
-2.72E+01
-2.78E+01
-2.84E+01
-2.89E+01
-2.95E+01
-2.98E+01
-2.87E+01
-2.78E+01
-2.63E+01
-2.54E+01
-2.60E+01
-2.66E+01
-2.72E+01
-2.81E+01
-2.84E+01
-2.57E+01
-2.37E+01
-2.08E+01
-1.99E+01
-1.99E+01
-1.96E+01
-1.96E+01
-1.93E+01
-1.93E+01
-1.87E+01
-1.64E+01
-1.46E+01
-1.26E+01
-9.94E+00
-6.73E+00
-3.80E+00
-5.85E-01
2.92E+00
4.97E+00
2.63E+00
8.77E-01
-1.46E+00
-4.09E+00
-2.05E+00
1.75E+00
4.68E+00
3.80E+00
3.51E+00
2.34E+00
1.46E+00
0.00E+00
5.85E-01
2.63E+00
4.09E+00
6.14E+00
6.43E+00
2.92E+00
0.00E+00
-3.51E+00
-7.02E+00
-7.02E+00
-5.56E+00
-4.68E+00
-5.26E+00
-6.43E+00
-7.89E+00
-8.77E+00
-7.60E+00
-6.43E+00
-6.43E+00
-9.36E+00
-1.20E+01
-1.49E+01
-1.35E+01
-1.26E+01
-1.11E+01
-9.36E+00
-7.60E+00
-5.85E+00
-5.56E+00
-5.26E+00
-4.39E+00
3.80E+00
1.20E+01
1.96E+01
2.05E+01
2.22E+01
2.28E+01
2.34E+01
2.37E+01
2.46E+01
2.28E+01
1.78E+01
1.40E+01
9.06E+00
8.48E+00
8.77E+00
9.36E+00
1.02E+01
1.08E+01
7.02E+00
2.05E+00
-2.34E+00
-8.19E+00
-1.02E+01
-6.43E+00
-3.80E+00
2.92E-01
8.77E-01
2.92E-01
-2.92E-01
-1.46E+00
-2.34E+00
-3.22E+00
-4.39E+00
-3.51E+00
-2.34E+00
-1.17E+00
2.92E-01
1.46E+00
2.34E+00
2.34E+00
2.63E+00
2.92E+00
6.43E+00
9.65E+00
1.35E+01
1.73E+01
2.11E+01
2.31E+01
1.81E+01
1.46E+01
9.36E+00
4.68E+00
-1.17E+00
0.00E+00
8.77E+00
1.52E+01
2.54E+01
2.40E+01
9.06E+00
-5.85E-01
-1.81E+01
-8.19E+00
1.70E+01
3.80E+01
6.46E+01
5.41E+01
2.75E+01
2.66E+01
2.25E+01
2.63E+01
4.68E+00
-2.46E+01
-5.85E+01
-4.33E+01
-2.05E+00
3.13E+01
2.89E+01
1.40E+01
8.77E-01
-2.02E+01
-3.13E+01
-4.39E+00
2.02E+01
4.04E+01
1.96E+01
5.85E+00
1.02E+01
2.63E+01
2.51E+01
1.52E+01
7.02E+00
4.68E+00
3.80E+00
-3.22E+00
-9.94E+00
-1.96E+01
-1.58E+01
-5.85E+00
4.09E+00
1.40E+01
2.84E+01
1.70E+01
-1.40E+01
-3.48E+01
-2.78E+01
-1.75E+01
-7.02E+00
9.36E+00
1.11E+01
4.09E+00
-2.92E-01
-2.05E+00
1.75E+00
2.92E+00
7.02E+00
3.80E+00
1.17E+00
-2.34E+00
-7.89E+00
-1.61E+01
-2.46E+01
-2.72E+01
-1.78E+01
-1.05E+01
-5.85E-01
9.65E+00
1.08E+01
-4.09E+00
-1.32E+01
-3.01E+01
-2.25E+01
-6.73E+00
9.06E+00
1.20E+01
7.60E+00
3.80E+00
4.39E+00
1.78E+01
2.13E+01
2.16E+01
2.22E+01
2.13E+01
2.08E+01
1.67E+01
1.11E+01
6.14E+00
-5.85E-01
-9.65E+00
-1.87E+01
-1.99E+01
-1.49E+01
-1.58E+01
-1.58E+01
-1.67E+01
-9.65E+00
0.00E+00
9.65E+00
2.05E+01
2.81E+01
2.49E+01
2.34E+01
1.99E+01
2.19E+01
2.25E+01
2.49E+01
1.78E+01
1.08E+01
2.05E+00
-2.92E-01
1.17E+00
1.46E+00
-2.92E+00
-8.48E+00
-1.35E+01
-2.02E+01
-1.90E+01
-1.29E+01
-8.19E+00
-2.05E+00
-6.73E+00
-9.65E+00
-1.49E+01
-1.75E+01
-1.64E+01
-1.58E+01
-1.46E+01
-1.93E+01
-2.66E+01
-3.33E+01
-4.09E+01
-4.04E+01
-4.09E+01
-3.54E+01
-2.81E+01
-2.16E+01
-1.35E+01
-9.94E+00
-1.23E+01
-1.32E+01
-1.61E+01
-1.84E+01
-2.11E+01
-2.34E+01
-2.13E+01
-1.52E+01
-1.08E+01
-7.60E+00
-4.09E+00