0.00E+00
0.00E+00
0.00E+00
0.00E+00
0.00E+00
0.00E+00
0.00E+00
0.00E+00
0.00E+00
0.00E+00
1.00E+01
1.00E+01
0.00E+00
1.00E+01
-1.00E+01
-2.00E+01
-2.00E+01
0.00E+00
2.90E+01
-2.00E+01
0.00E+00
-2.90E+01
-2.90E+01
-4.90E+01
-2.90E+01
6.90E+01
1.00E+01
-1.18E+02
-3.90E+01
-4.90E+01
-2.90E+01
-4.90E+01
-3.90E+01
7.80E+01
-9.80E+01
-6.90E+01
-1.47E+02
-9.80E+01
1.00E+01
1.47E+02
2.00E+01
1.18E+02
2.00E+01
-1.47E+02
-3.90E+01
-6.90E+01
1.47E+02
-3.90E+01
-1.37E+02
-5.90E+01
-5.90E+01
1.37E+02
0.00E+00
-4.90E+01
-1.67E+02
-5.90E+01
5.59E+02
-3.04E+02
-9.80E+01
-2.26E+02
0.00E+00
-2.90E+01
2.06E+02
-3.04E+02
4.22E+02
5.69E+02
-1.08E+02
4.32E+02
5.49E+02
-2.75E+02
-1.28E+02
5.20E+02
-8.80E+01
5.49E+02
2.45E+02
2.26E+02
2.90E+01
-3.34E+02
-1.47E+02
-2.75E+02
-8.80E+01
-2.84E+02
2.00E+01
2.45E+02
2.26E+02
6.77E+02
7.65E+02
-8.04E+02
-2.26E+02
7.46E+02
3.63E+02
3.90E+01
3.63E+02
2.35E+02
1.15E+03
1.57E+02
-4.41E+02
-1.67E+02
1.12E+03
-4.81E+02
-1.05E+03
3.53E+02
-5.90E+01
-3.90E+01
-8.24E+02
-8.04E+02
-1.74E+03
-8.80E+01
6.67E+02
-5.10E+02
-1.02E+03
4.81E+02
-1.86E+02
-1.27E+03
1.57E+02
1.57E+02
-1.28E+02
-6.97E+02
4.12E+02
-2.90E+01
3.43E+02
1.78E+03
-1.18E+02
4.51E+02
6.38E+02
-7.65E+02
-5.20E+02
-7.85E+02
-7.06E+02
8.80E+01
-7.06E+02
3.92E+02
1.86E+02
-4.81E+02
4.61E+02
1.18E+02
-3.14E+02
2.06E+02
-8.04E+02
-6.28E+02
-1.29E+03
4.90E+02
-4.02E+02
8.04E+02
-2.00E+01
3.34E+02
9.81E+02
6.77E+02
5.79E+02
2.55E+02
-4.12E+02
-6.97E+02
7.06E+02
3.83E+02
-1.77E+02
2.90E+01
1.37E+02
-4.90E+02
-2.00E+01
1.28E+02
1.03E+03
2.06E+02
7.65E+02
9.91E+02
-8.80E+01
-3.04E+02
6.77E+02
-6.28E+02
-6.87E+02
-4.32E+02
2.75E+02
-8.24E+02
-1.04E+03
-6.90E+01
1.08E+03
-2.16E+02
-2.45E+02
3.63E+02
-7.55E+02
-3.83E+02
2.45E+02
-1.86E+02
2.26E+02
4.32E+02
6.77E+02
-6.28E+02
2.16E+02
6.38E+02
-3.90E+01
2.90E+01
-7.95E+02
-3.92E+02
-4.71E+02
-7.46E+02
-1.86E+02
1.47E+02
1.12E+03
9.12E+02
2.35E+02
0.00E+00
2.00E+01
3.04E+02
-9.32E+02
-1.77E+02
4.51E+02
1.08E+02
9.80E+01
1.67E+02
8.63E+02
3.90E+01
-9.80E+01
-1.28E+02
3.43E+02
-6.18E+02
7.80E+01
-2.00E+01
-8.83E+02
-7.80E+01
6.38E+02
1.17E+03
5.49E+02
2.00E+01
1.44E+03
2.90E+01
1.67E+02
9.91E+02
-2.26E+02
3.83E+02
-3.04E+02
2.84E+02
4.81E+02
-4.81E+02
-5.10E+02
2.26E+02
5.89E+02
-2.35E+02
-9.03E+02
3.53E+02
-2.00E+01
1.57E+02
2.84E+02
1.17E+03
1.05E+03
-8.24E+02
-2.90E+01
-6.08E+02
-9.42E+02
-1.15E+03
-6.67E+02
-3.34E+02
4.41E+02
1.96E+03
2.55E+02
-5.59E+02
-2.55E+02
2.00E+01
7.80E+01
9.80E+01
-7.65E+02
-1.00E+03
-5.20E+02
-7.80E+01
-1.08E+03
3.14E+02
-7.46E+02
-7.80E+01
-1.62E+03
1.77E+02
5.90E+01
2.90E+01
3.53E+02
-8.34E+02
-4.71E+02
-6.77E+02
6.90E+01
-1.77E+03
-9.81E+02
3.90E+01
5.69E+02
-2.06E+02
8.80E+01
-7.65E+02
3.90E+01
-8.53E+02
2.06E+02
3.92E+02
2.16E+02
4.12E+02
4.61E+02
-3.14E+02
-3.90E+01
6.67E+02
6.18E+02
7.80E+01
-2.00E+01
2.26E+02
-9.22E+02
6.18E+02
-3.63E+02
-1.37E+02
-3.73E+02
4.32E+02
-5.49E+02
5.00E+02
3.90E+01
3.92E+02
1.67E+02
-1.00E+01
-1.08E+02
6.47E+02
6.47E+02
-2.06E+02
4.32E+02
-2.00E+01
-2.45E+02
1.00E+03
5.00E+02
3.04E+02
9.61E+02
5.40E+02
2.65E+02
-2.06E+02
-9.80E+01
-3.14E+02
-5.90E+01
-9.22E+02
-3.83E+02
-5.79E+02
-3.14E+02
8.73E+02
8.93E+02
-1.00E+01
1.30E+03
1.27E+03
-6.18E+02
5.98E+02
-8.83E+02
-8.83E+02
-3.53E+02
5.90E+01
5.20E+02
-5.10E+02
-5.20E+02
-2.06E+02
-1.08E+02
-6.90E+01
-1.37E+02
3.83E+02
-4.61E+02
-6.28E+02
-1.77E+02
-8.24E+02
-6.08E+02
8.83E+02
-7.46E+02
-3.90E+01
1.24E+03
-2.84E+02
6.57E+02
1.57E+03
8.80E+01
-1.96E+02
6.57E+02
7.80E+01
6.87E+02
1.37E+02
1.20E+03
1.18E+02
-5.20E+02
3.83E+02
-3.14E+02
-5.10E+02
-5.79E+02
-2.84E+02
-1.77E+02
-1.28E+02
-5.59E+02
5.79E+02
-1.85E+03
-4.71E+02
3.24E+02
-2.16E+02
9.91E+02
3.34E+02
3.63E+02
1.32E+03
1.52E+03
5.20E+02
4.81E+02
4.32E+02
1.08E+02
2.45E+02
3.34E+02
-5.30E+02
-9.80E+01
-8.34E+02
8.83E+02
-6.08E+02
1.78E+03
-1.56E+03
-2.84E+02
1.15E+03
-1.20E+03
-4.02E+02
-3.24E+02
-2.65E+02
-5.98E+02
1.86E+02
3.34E+02
-8.44E+02
-4.51E+02
-3.83E+02
-7.95E+02
-2.75E+02
-4.51E+02
-1.28E+02
6.38E+02
8.53E+02
-2.45E+02
9.71E+02
-1.77E+02
-4.71E+02
-5.69E+02
-5.30E+02
1.47E+02
-1.28E+02
7.80E+01
-2.16E+02
3.04E+02
-6.38E+02
7.75E+02
-6.77E+02
-8.53E+02
-1.72E+03
-4.22E+02
-1.37E+03
-5.59E+02
-2.45E+02
-2.16E+02
-1.05E+03
6.87E+02
9.61E+02
-9.03E+02
6.77E+02
1.08E+03
5.79E+02
1.02E+03
7.80E+01
9.32E+02
2.94E+02
2.45E+02
7.80E+01
9.61E+02
8.04E+02
2.84E+02
-1.37E+02
-8.73E+02
-3.34E+02
-4.12E+02
1.00E+03
-2.16E+02
-3.92E+02
5.30E+02
4.71E+02
2.84E+02
-9.91E+02
-6.47E+02
8.04E+02
-2.90E+01
-2.90E+01
-8.44E+02
-2.16E+02
-2.65E+02
8.24E+02
-9.80E+01
1.17E+03
5.90E+01
4.90E+02
5.90E+01
1.00E+01
5.98E+02
-2.55E+02
2.16E+02
3.04E+02
-5.00E+02
-8.14E+02
6.90E+01
1.37E+02
-6.97E+02
-2.00E+01
-1.00E+03
-3.24E+02
-4.90E+02
3.63E+02
1.25E+03
1.01E+03
2.65E+02
-9.91E+02
-9.52E+02
5.30E+02
-6.18E+02
4.12E+02
5.90E+01
-1.18E+02
-4.12E+02
-8.63E+02
3.63E+02
-4.32E+02
-2.00E+01
7.80E+01
-7.36E+02
2.84E+02
-6.47E+02
3.90E+01
-6.97E+02
-3.53E+02
1.47E+02
-1.37E+02
4.02E+02
-4.90E+01
0.00E+00
-5.90E+01
9.91E+02
1.67E+02
-5.90E+01
9.81E+02
-1.47E+02
4.22E+02
-5.30E+02
9.71E+02
4.02E+02
4.02E+02
-4.02E+02
6.28E+02
4.90E+01
9.42E+02
3.73E+02
-1.35E+03
-4.02E+02
-1.77E+02
-7.06E+02
-4.32E+02
3.73E+02
2.90E+01
-9.80E+01
6.87E+02
0.00E+00
-5.49E+02
7.65E+02
-8.80E+01
1.49E+03
2.55E+02
1.10E+03
5.00E+02
-3.14E+02
-7.06E+02
8.83E+02
2.16E+02
-4.02E+02
1.37E+02
5.89E+02
-8.83E+02
-1.37E+02
-8.44E+02
-5.40E+02
-9.80E+01
-6.87E+02
8.80E+01
-1.13E+03
-2.75E+02
4.81E+02
1.18E+02
-1.38E+03
-1.86E+02
5.30E+02
-6.97E+02
2.26E+02
1.07E+03
1.47E+02
-1.37E+02
-7.26E+02
-2.65E+02
-7.80E+01
4.61E+02
2.26E+02
1.04E+03
5.90E+01
-8.83E+02
-2.35E+02
-2.35E+02
-1.00E+01
-2.00E+01
2.06E+02
-3.34E+02
-8.63E+02
-5.49E+02
5.90E+01
1.45E+03
2.06E+02
-3.14E+02
3.04E+02
-5.90E+01
-2.35E+02
-8.80E+01
8.63E+02
-4.32E+02
1.96E+02
8.44E+02
4.81E+02
6.38E+02
2.00E+01
2.26E+02
7.55E+02
-7.06E+02
2.84E+02
1.18E+02
-1.08E+02
-5.10E+02
6.18E+02
-7.26E+02
7.06E+02
-4.61E+02
-4.22E+02
-1.67E+02
8.63E+02
4.71E+02
5.20E+02
4.61E+02
5.49E+02
5.10E+02
7.55E+02
-1.96E+02
-8.83E+02
3.43E+02
-8.53E+02
-5.00E+02
-2.06E+02
-5.30E+02
-3.83E+02
4.02E+02
-4.32E+02
1.67E+02
7.80E+01
9.80E+01
-9.71E+02
-5.40E+02
1.37E+02
3.90E+01
-2.00E+01
3.83E+02
-1.47E+02
1.08E+02
8.63E+02
2.06E+02
2.94E+02
-1.37E+02
-4.12E+02
-5.30E+02
4.02E+02
-5.89E+02
2.06E+02
-7.36E+02
6.57E+02
-6.08E+02
-7.26E+02
5.20E+02
-4.90E+02
-6.90E+01
-2.84E+02
-7.26E+02
-2.65E+02
-4.71E+02
1.77E+02
-1.10E+03
-3.63E+02
-9.80E+01
-4.02E+02
-1.18E+03
-6.57E+02
1.02E+03
1.22E+03
1.11E+03
4.02E+02
5.49E+02
-1.77E+02
8.44E+02
4.90E+01
-6.47E+02
1.22E+03
6.67E+02
-6.67E+02
-6.90E+01
1.96E+02
-2.35E+02
-3.73E+02
3.34E+02
1.67E+02
3.04E+02
-4.51E+02
-4.90E+01
-1.12E+03
1.96E+02
-1.47E+02
-2.55E+02
-1.37E+02
4.81E+02
-5.30E+02
1.04E+03
2.00E+01
-8.63E+02
-1.00E+01
1.77E+02
-6.90E+01
-2.00E+01
8.14E+02
3.53E+02
-4.02E+02
-2.90E+01
2.16E+02
1.77E+02
-9.71E+02
-3.14E+02
5.49E+02
5.10E+02
-1.57E+02
5.69E+02
-1.67E+02
-1.19E+03
-4.02E+02
-7.26E+02
-2.84E+02
2.94E+02
5.10E+02
-3.43E+02
3.04E+02
1.18E+02
4.90E+02
2.06E+02
0.00E+00
-1.47E+02
3.90E+01
-3.90E+01
-2.84E+02
5.10E+02
3.04E+02
5.59E+02
-7.80E+01
4.90E+02
7.80E+01
2.26E+02
-2.35E+02
-6.18E+02
0.00E+00
3.92E+02
-4.12E+02
6.57E+02
1.47E+02
2.35E+02
-4.02E+02
-6.87E+02
-7.06E+02
1.05E+03
2.16E+02
1.57E+02
1.37E+02
3.73E+02
4.32E+02
-2.06E+02
4.51E+02
4.90E+01
-2.00E+01
3.34E+02
1.86E+02
1.08E+02
5.69E+02
-2.35E+02
-1.57E+02
-1.28E+02
-3.43E+02
-3.24E+02
4.41E+02
-2.90E+01
-3.43E+02
-4.90E+01
6.90E+01
-7.36E+02
2.75E+02
-2.55E+02
1.67E+02
5.40E+02
1.47E+02
4.12E+02
3.83E+02
-3.34E+02
3.83E+02
4.90E+02
-4.32E+02
-8.80E+01
4.90E+01
-7.36E+02
4.90E+01
-3.04E+02
-4.22E+02
0.00E+00
-8.80E+01
-1.86E+02
-3.90E+01
-1.67E+02
-1.96E+02
-2.35E+02
-2.75E+02
-1.67E+02
-1.96E+02
2.84E+02
1.37E+02
1.67E+02
6.90E+01
-6.90E+01
3.14E+02
2.75E+02
-1.00E+01
2.90E+01
-1.47E+02
-2.90E+01
1.08E+02
-1.18E+02
-9.80E+01
-1.28E+02
2.26E+02
-1.00E+01
-2.35E+02
5.90E+01
-1.00E+01
-1.57E+02
-7.80E+01
-1.47E+02
-2.65E+02
4.90E+01
0.00E+00
1.08E+02
-1.28E+02
7.80E+01
7.80E+01
-1.47E+02
-5.90E+01
1.96E+02
1.47E+02
0.00E+00
9.80E+01
-8.80E+01
1.18E+02
2.16E+02
1.00E+01
1.77E+02
3.90E+01
-3.90E+01
1.47E+02
-1.00E+01
2.90E+01
1.77E+02
1.00E+01
-1.47E+02
-6.90E+01
-5.90E+01
0.00E+00
-2.90E+01
2.90E+01
2.00E+01
-1.08E+02
0.00E+00
-2.00E+01
1.47E+02
1.00E+01
-2.00E+01
-4.90E+01
-2.00E+01
2.00E+01
-3.90E+01
-6.90E+01
9.80E+01
1.00E+01
8.80E+01
8.80E+01
-2.00E+01
9.80E+01
7.80E+01
7.80E+01
2.90E+01
-5.90E+01
-9.80E+01
9.80E+01
1.00E+01
-4.90E+01
-5.90E+01
-3.90E+01
-6.90E+01
-3.90E+01
5.90E+01
4.90E+01
-1.28E+02
0.00E+00
7.80E+01
-5.90E+01
0.00E+00
-2.00E+01
-9.80E+01
3.90E+01
3.90E+01
3.90E+01
5.90E+01
2.90E+01
1.00E+01
-2.90E+01
1.00E+01
2.00E+01
-6.90E+01
-3.90E+01
-2.90E+01
-2.90E+01
-5.90E+01
2.90E+01
5.90E+01
-1.00E+01
-4.90E+01
3.90E+01
-4.90E+01
-2.00E+01
-2.90E+01
-2.90E+01
5.90E+01
-5.90E+01
-3.90E+01
2.90E+01
1.00E+01
-2.90E+01
1.00E+01
0.00E+00
1.00E+01
-2.90E+01
-2.90E+01
2.00E+01
-2.00E+01
-1.00E+01
1.00E+01
-1.00E+01
-3.90E+01
-2.00E+01
5.90E+01
2.00E+01
4.90E+01
0.00E+00
-3.90E+01
-2.00E+01
-2.00E+01
-2.00E+01
-1.00E+01
2.90E+01
2.00E+01
0.00E+00
-2.00E+01
0.00E+00
-1.00E+01
-1.00E+01
3.90E+01
-2.00E+01
-2.90E+01
-2.90E+01
0.00E+00
-1.00E+01
-1.00E+01
2.00E+01
0.00E+00
0.00E+00
1.00E+01
2.90E+01
1.00E+01
0.00E+00
0.00E+00
-1.00E+01
2.90E+01
0.00E+00
-1.00E+01
-1.00E+01
-2.90E+01
1.00E+01
0.00E+00
0.00E+00
2.00E+01
2.00E+01
1.00E+01
2.90E+01
0.00E+00
1.00E+01
-1.00E+01
-2.00E+01
-1.00E+01
-1.00E+01
1.00E+01
0.00E+00
-1.00E+01